Depth                Moves                BranchingFactor     
0                    1                    15.00000000000000000000
1                    15                   15.00000000000000000000
2                    225                  15.00000000000000000000
3                    3375                 15.00000000000000000000
4                    50625                15.00000000000000000000
5                    759375               15.00000000000000000000
6                    11390625             15.00000000000000000000
Branching Factor Empírico (Promedio): 15.00000000000000000000
15.00000000000000000000
