Depth                Moves                BranchingFactor     
0                    1                    23.00000000000000000000
1                    23                   22.00000000000000000000
2                    506                  21.99802371541501976284
3                    11131                21.99802353786721768035
4                    244860               21.99802744425385934819
5                    5386437              21.99802726737544688631
6                    118490988            21.99802726737544688631
Branching Factor Empírico (Promedio): 22.16535032748525727961
22.16535032748525727961
