Depth                Moves                BranchingFactor     
0                    1                    27.00000000000000000000
1                    27                   26.00000000000000000000
2                    702                  25.99857549857549857549
3                    18251                25.99857542052490274505
4                    474500               25.99857744994731296101
5                    12336325             25.99857737211041375774
6                    320726900            25.99857737211041375774
Branching Factor Empírico (Promedio): 26.16571762352635467321
26.16571762352635467321
