Depth                Moves                BranchingFactor     
0                    1                    23.00000000000000000000
1                    23                   22.00000000000000000000
2                    506                  22.00000000000000000000
3                    11132                22.00000000000000000000
4                    244904               22.00000000000000000000
5                    5387888              22.00000000000000000000
6                    118533536            22.00000000000000000000
Branching Factor Empírico (Promedio): 22.16666666666666666666
22.16666666666666666666
