Depth                Moves                BranchingFactor     
0                    1                    15.00000000000000000000
1                    15                   14.00000000000000000000
2                    210                  14.00000000000000000000
3                    2940                 14.00000000000000000000
4                    41160                14.00000000000000000000
5                    576240               14.00000000000000000000
6                    8067360              14.00000000000000000000
Branching Factor Empírico (Promedio): 14.16666666666666666666
14.16666666666666666666
