Depth                Moves                BranchingFactor     
0                    1                    27.00000000000000000000
1                    27                   26.00000000000000000000
2                    702                  26.00000000000000000000
3                    18252                26.00000000000000000000
4                    474552               26.00000000000000000000
5                    12338352             26.00000000000000000000
6                    320797152            26.00000000000000000000
Branching Factor Empírico (Promedio): 26.16666666666666666666
26.16666666666666666666
