Depth                Moves                BranchingFactor     
0                    1                    23.00000000000000000000
1                    23                   23.00000000000000000000
2                    529                  23.00000000000000000000
3                    12167                23.00000000000000000000
4                    279841               23.00000000000000000000
5                    6436343              23.00000000000000000000
6                    148035889            23.00000000000000000000
Branching Factor Empírico (Promedio): 23.00000000000000000000
23.00000000000000000000
