Depth                Moves                BranchingFactor     
0                    1                    27.00000000000000000000
1                    27                   27.00000000000000000000
2                    729                  27.00000000000000000000
3                    19683                27.00000000000000000000
4                    531441               27.00000000000000000000
5                    14348907             27.00000000000000000000
6                    387420489            27.00000000000000000000
Branching Factor Empírico (Promedio): 27.00000000000000000000
27.00000000000000000000
