Depth                Moves                BranchingFactor     
0                    1                    15.00000000000000000000
1                    15                   14.00000000000000000000
2                    210                  13.99523809523809523809
3                    2939                 13.99523647499149370534
4                    41132                13.99525916561314791403
5                    575653               13.99525755967570741401
6                    8056412              13.99525755967570741401
Branching Factor Empírico (Promedio): 14.16349854925307404524
14.16349854925307404524
