algorithm, domain, instance, cost, generated, time, gen_per_sec 
dfid , pancake16 ,  "15 7 1 8 10 9 11 4 0 5 2 3 14 12 6 13" ,NA, NA, NA, NA
dfid , pancake16 ,  "9 6 2 0 15 7 13 12 3 8 11 4 1 5 14 10" ,NA, NA, NA, NA
dfid , pancake16 ,  "1 12 13 9 7 6 15 14 0 2 3 4 5 11 10 8 ", 9, 13689660691, 193.461, 7.0762e+07
dfid , pancake16 ,  "3 4 5 6 7 8 9 10 11 12 15 14 13 0 1 2 ", 4, 36294, 0.000552, 6.575e+07
dfid , pancake16 ,  "4 3 12 11 10 0 9 2 5 1 8 7 6 13 14 15 ", 9, 11873685620, 183.022, 6.48756e+07
dfid , pancake16 ,  "1 13 0 2 9 12 11 8 14 15 4 5 6 7 3 10" ,NA, NA, NA, NA
dfid , pancake16 ,  "14 3 0 10 1 9 8 7 2 5 4 15 12 13 6 11" ,NA, NA, NA, NA
dfid , pancake16 ,  "11 12 14 13 10 9 8 0 1 2 3 4 5 6 7 15 ", 4, 9488, 0.000157, 6.04331e+07
dfid , pancake16 ,  "14 15 13 10 9 8 11 12 7 6 5 4 3 2 1 0 ", 6, 883320, 0.011409, 7.74231e+07
dfid , pancake16 ,  "13 12 11 10 9 8 7 6 5 4 3 2 1 0 14 15 ", 1, 13, 2e-06, 6.5e+06
dfid , pancake16 ,  "4 8 6 2 3 0 13 14 7 9 11 1 12 5 15 10" ,NA, NA, NA, NA
dfid , pancake16 ,  "5 0 1 2 3 4 12 13 14 15 6 7 8 9 10 11 ", 4, 29921, 0.00068, 4.40015e+07
dfid , pancake16 ,  "1 0 8 9 10 7 11 2 3 12 13 14 4 5 6 15 ", 7, 53672425, 0.841957, 6.37472e+07
dfid , pancake16 ,  "4 5 3 2 1 0 6 7 8 9 10 11 12 13 14 15 ", 2, 20, 2e-06, 1e+07
dfid , pancake16 ,  "9 10 8 7 6 3 2 1 0 4 5 11 12 13 14 15 ", 4, 5157, 0.000121, 4.26198e+07
dfid , pancake16 ,  "5 4 3 2 1 0 6 7 8 9 12 11 10 13 14 15 ", 4, 17344, 0.000427, 4.06183e+07
dfid , pancake16 ,  "15 0 1 3 2 5 6 12 11 10 9 8 7 4 14 13 ", 9, 6664639752, 92.7239, 7.18762e+07
dfid , pancake16 ,  "6 7 12 11 10 9 8 5 4 3 2 1 0 13 14 15 ", 3, 1352, 2.9e-05, 4.66207e+07
dfid , pancake16 ,  "3 1 0 6 5 4 2 7 8 9 10 11 12 13 14 15 ", 5, 216665, 0.0028, 7.73804e+07
dfid , pancake16 ,  "7 8 9 10 6 5 4 3 0 1 2 11 12 13 14 15 ", 3, 785, 2.1e-05, 3.7381e+07
dfid , pancake16 ,  "15 3 4 5 6 7 8 2 1 0 10 11 12 13 14 9 ", 6, 4073044, 0.05404, 7.53709e+07
dfid , pancake16 ,  "2 3 4 11 14 10 7 0 5 1 13 12 8 9 6 15" ,NA, NA, NA, NA
dfid , pancake16 ,  "9 8 7 6 5 10 3 2 1 0 11 14 13 12 4 15 ", 6, 2860863, 0.041419, 6.90713e+07
dfid , pancake16 ,  "10 9 4 14 15 3 0 7 12 6 1 8 11 13 5 2" ,NA, NA, NA, NA
dfid , pancake16 ,  "2 1 0 14 3 4 5 6 7 8 9 10 11 12 13 15 ", 3, 856, 2.4e-05, 3.56667e+07
dfid , pancake16 ,  "4 3 1 2 0 12 5 6 7 8 11 13 14 10 9 15 ", 9, 5004989953, 73.1447, 6.84259e+07
dfid , pancake16 ,  "3 7 6 5 14 0 1 2 4 8 9 10 13 12 11 15 ", 7, 61044656, 0.822846, 7.41872e+07
dfid , pancake16 ,  "6 7 5 4 3 2 1 0 8 9 10 11 12 13 14 15 ", 2, 22, 2e-06, 1.1e+07
dfid , pancake16 ,  "0 5 1 8 3 4 15 2 6 12 14 10 11 9 7 13" ,NA, NA, NA, NA
dfid , pancake16 ,  "10 9 6 0 1 5 7 8 4 3 2 11 12 13 14 15 ", 6, 6041834, 0.074413, 8.11933e+07
dfid , pancake16 ,  "15 14 13 12 11 10 9 8 7 6 5 4 3 0 1 2 ", 2, 228, 5e-06, 4.56e+07
dfid , pancake16 ,  "1 2 3 4 5 6 7 8 9 10 11 12 13 0 14 15 ", 2, 193, 6e-06, 3.21667e+07
dfid , pancake16 ,  "7 11 12 13 14 10 9 8 6 5 4 3 2 1 0 15 ", 4, 22214, 0.00032, 6.94188e+07
dfid , pancake16 ,  "3 12 0 8 7 9 11 10 13 6 5 15 14 2 1 4" ,NA, NA, NA, NA
dfid , pancake16 ,  "1 0 8 7 6 5 4 3 2 9 10 11 12 13 14 15 ", 4, 4754, 6.1e-05, 7.79344e+07
dfid , pancake16 ,  "10 0 1 9 14 3 2 12 8 7 13 15 6 5 4 11" ,NA, NA, NA, NA
dfid , pancake16 ,  "3 4 5 6 7 1 12 11 8 9 2 0 10 13 14 15 ", 8, 1038386712, 13.1192, 7.91499e+07
dfid , pancake16 ,  "12 13 14 11 10 9 8 7 6 5 4 3 2 1 0 15 ", 2, 44, 3e-06, 1.46667e+07
dfid , pancake16 ,  "0 1 2 3 9 8 10 11 12 13 14 15 4 5 6 7 ", 6, 2233992, 0.027748, 8.051e+07
dfid , pancake16 ,  "12 7 9 13 14 10 11 15 3 0 4 6 5 2 1 8" ,NA, NA, NA, NA
dfid , pancake16 ,  "7 10 0 3 8 9 13 12 1 2 6 11 14 15 5 4" ,NA, NA, NA, NA
dfid , pancake16 ,  "9 10 11 12 2 1 8 0 4 5 6 3 7 13 14 15 ", 8, 440329438, 5.77898, 7.6195e+07
dfid , pancake16 ,  "14 13 3 0 7 9 2 6 10 8 4 15 1 12 11 5" ,NA, NA, NA, NA
dfid , pancake16 ,  "7 2 1 13 15 14 8 5 0 3 10 6 11 12 4 9" ,NA, NA, NA, NA
dfid , pancake16 ,  "3 8 9 6 11 4 14 0 1 7 15 2 10 5 12 13" ,NA, NA, NA, NA
dfid , pancake16 ,  "7 6 5 4 3 2 8 9 10 11 12 13 1 0 14 15 ", 3, 1232, 1.6e-05, 7.7e+07
dfid , pancake16 ,  "11 10 1 2 3 12 15 13 4 5 6 7 8 9 0 14 ", 9, 7153719735, 89.827, 7.96389e+07
dfid , pancake16 ,  "3 2 1 0 6 7 8 9 10 11 12 13 4 5 14 15 ", 3, 2521, 6.5e-05, 3.87846e+07
dfid , pancake16 ,  "13 4 15 6 7 12 10 3 5 1 9 2 11 14 0 8" ,NA, NA, NA, NA
dfid , pancake16 ,  "14 7 0 5 13 4 10 15 12 6 2 8 3 9 11 1" ,NA, NA, NA, NA
dfid , pancake16 ,  "0 1 2 6 5 4 3 7 8 9 10 11 12 13 14 15 ", 3, 1331, 2.9e-05, 4.58966e+07
dfid , pancake16 ,  "12 3 2 1 0 6 7 8 9 4 11 10 5 13 14 15 ", 6, 7098681, 0.095001, 7.47222e+07
dfid , pancake16 ,  "14 12 10 15 13 5 4 3 6 11 8 7 0 1 2 9" ,NA, NA, NA, NA
dfid , pancake16 ,  "6 7 8 9 10 12 13 3 2 11 14 15 5 4 1 0 ", 8, 525566949, 7.54873, 6.96232e+07
dfid , pancake16 ,  "13 12 6 10 7 9 4 1 2 15 8 11 0 5 3 14" ,NA, NA, NA, NA
dfid , pancake16 ,  "3 2 1 0 4 5 11 10 9 8 7 6 12 13 14 15 ", 4, 11269, 0.000195, 5.77897e+07
dfid , pancake16 ,  "7 6 5 4 3 1 0 2 8 9 10 11 12 13 14 15 ", 3, 1523, 5.7e-05, 2.67193e+07
dfid , pancake16 ,  "10 9 8 7 6 5 4 3 11 2 0 1 12 13 14 15 ", 4, 22518, 0.000566, 3.97845e+07
dfid , pancake16 ,  "12 3 10 9 14 2 5 8 11 1 7 6 13 0 4 15" ,NA, NA, NA, NA
dfid , pancake16 ,  "4 1 2 3 9 8 7 13 0 12 10 11 14 15 5 6" ,NA, NA, NA, NA
dfid , pancake16 ,  "5 7 8 0 9 15 14 13 12 11 10 6 1 2 3 4 ", 8, 257180972, 3.50619, 7.33505e+07
dfid , pancake16 ,  "3 4 13 12 11 10 9 8 7 6 5 0 1 2 14 15 ", 4, 31622, 0.00043, 7.35395e+07
dfid , pancake16 ,  "12 13 14 11 10 9 8 7 6 5 4 3 2 1 0 15 ", 2, 44, 3e-06, 1.46667e+07
dfid , pancake16 ,  "6 3 2 1 0 7 8 9 10 11 12 13 14 15 5 4 ", 4, 41603, 0.000603, 6.89934e+07
dfid , pancake16 ,  "15 14 13 9 10 8 7 6 5 4 3 2 1 0 11 12 ", 4, 47078, 0.000729, 6.45789e+07
dfid , pancake16 ,  "12 9 10 5 6 4 1 0 2 11 13 7 8 3 14 15" ,NA, NA, NA, NA
dfid , pancake16 ,  "11 10 9 8 7 6 5 12 13 15 14 4 3 2 1 0 ", 4, 19864, 0.000228, 8.71228e+07
dfid , pancake16 ,  "5 4 2 13 11 14 15 10 9 3 6 8 1 12 0 7" ,NA, NA, NA, NA
dfid , pancake16 ,  "4 3 2 1 0 5 13 12 11 10 9 8 7 6 14 15 ", 4, 14677, 0.000354, 4.14605e+07
dfid , pancake16 ,  "6 5 4 3 0 1 2 7 8 9 10 11 12 13 14 15 ", 2, 93, 3e-06, 3.1e+07
dfid , pancake16 ,  "2 3 6 4 14 12 13 10 5 15 1 7 0 8 9 11" ,NA, NA, NA, NA
dfid , pancake16 ,  "4 5 6 3 2 1 0 14 9 10 11 12 13 8 7 15 ", 6, 1486581, 0.017742, 8.37888e+07
dfid , pancake16 ,  "6 7 8 9 10 11 12 13 14 5 4 3 0 1 2 15 ", 3, 1900, 2.3e-05, 8.26087e+07
dfid , pancake16 ,  "4 3 11 1 7 6 5 0 12 13 2 14 10 9 8 15" ,NA, NA, NA, NA
dfid , pancake16 ,  "7 15 14 1 0 8 9 10 11 5 6 12 2 4 3 13" ,NA, NA, NA, NA
dfid , pancake16 ,  "0 3 12 13 14 11 10 9 8 7 6 5 4 2 1 15 ", 6, 2922199, 0.035873, 8.14596e+07
dfid , pancake16 ,  "7 6 5 4 13 14 15 3 9 10 11 8 12 0 2 1 ", 9, 17179610925, 222.914, 7.70685e+07
dfid , pancake16 ,  "5 6 4 3 2 1 0 7 8 9 10 11 12 13 14 15 ", 2, 21, 3e-06, 7e+06
dfid , pancake16 ,  "7 8 9 6 5 4 3 2 1 0 10 11 12 13 14 15 ", 2, 39, 2e-06, 1.95e+07
dfid , pancake16 ,  "6 5 4 0 1 2 3 7 8 9 10 11 12 13 14 15 ", 2, 94, 6e-06, 1.56667e+07
dfid , pancake16 ,  "1 2 3 4 5 6 0 7 8 9 10 11 12 13 14 15 ", 2, 81, 5e-06, 1.62e+07
dfid , pancake16 ,  "13 12 11 10 9 8 0 1 7 6 5 4 3 2 14 15 ", 3, 2839, 6.4e-05, 4.43594e+07
dfid , pancake16 ,  "15 14 6 7 8 9 10 11 3 0 2 1 12 13 4 5 ", 8, 1768184920, 23.0167, 7.68217e+07
dfid , pancake16 ,  "4 7 14 0 10 15 8 11 9 6 3 1 13 2 5 12" ,NA, NA, NA, NA
dfid , pancake16 ,  "14 9 10 2 15 13 6 8 1 5 4 7 11 12 3 0" ,NA, NA, NA, NA
dfid , pancake16 ,  "0 1 2 3 4 5 6 7 8 9 10 11 12 13 14 15 ", 0, 0, 1e-06, 0
dfid , pancake16 ,  "13 14 0 8 5 6 2 11 12 7 3 1 9 10 15 4" ,NA, NA, NA, NA
dfid , pancake16 ,  "10 9 8 0 1 2 3 4 5 6 7 11 12 13 14 15 ", 2, 158, 9e-06, 1.75556e+07
dfid , pancake16 ,  "14 13 6 11 12 1 5 7 8 2 3 4 0 9 10 15" ,NA, NA, NA, NA
dfid , pancake16 ,  "0 1 2 3 4 5 12 13 11 10 9 8 7 6 14 15 ", 4, 40118, 0.000904, 4.43783e+07
dfid , pancake16 ,  "1 0 11 12 10 9 2 3 4 5 13 14 15 8 7 6 ", 7, 48032133, 0.553934, 8.67109e+07
dfid , pancake16 ,  "4 5 11 12 13 14 3 2 6 7 8 9 10 0 1 15 ", 6, 3490771, 0.048878, 7.1418e+07
dfid , pancake16 ,  "15 7 12 0 1 5 8 4 11 10 6 3 2 13 9 14" ,NA, NA, NA, NA
dfid , pancake16 ,  "1 7 11 4 3 10 8 5 12 2 13 9 15 6 0 14" ,NA, NA, NA, NA
dfid , pancake16 ,  "5 3 13 4 14 8 15 0 1 6 7 12 11 2 9 10" ,NA, NA, NA, NA
dfid , pancake16 ,  "13 12 8 1 3 9 15 14 11 5 2 6 7 0 4 10" ,NA, NA, NA, NA
dfid , pancake16 ,  "8 2 1 6 9 10 4 3 11 12 0 15 14 13 5 7" ,NA, NA, NA, NA
dfid , pancake16 ,  "12 14 4 10 1 9 2 5 8 6 0 3 15 7 11 13" ,NA, NA, NA, NA
dfid , pancake16 ,  "13 9 10 11 7 3 2 12 8 6 5 4 0 1 14 15" ,NA, NA, NA, NA
dfid , pancake16 ,  "3 6 12 1 7 13 11 5 0 14 15 10 9 8 2 4" ,NA, NA, NA, NA
dfid , pancake16 ,  "15 14 13 12 11 10 9 8 0 1 2 3 4 5 7 6 ", 3, 3201, 3.8e-05, 8.42368e+07
dfid , pancake16 ,  "5 6 7 8 4 3 2 1 0 9 10 11 12 13 14 15 ", 2, 53, 4e-06, 1.325e+07
dfid , pancake16 ,  "1 2 3 13 14 12 4 0 5 6 7 8 9 10 11 15 ", 6, 3643120, 0.064305, 5.66538e+07
dfid , pancake16 ,  "0 1 2 3 4 5 8 9 10 11 12 13 7 6 14 15 ", 4, 40178, 0.00062, 6.48032e+07
dfid , pancake16 ,  "0 4 11 10 9 5 6 13 15 3 2 12 8 1 14 7" ,NA, NA, NA, NA
dfid , pancake16 ,  "0 1 8 5 6 7 12 11 10 4 2 3 9 13 14 15 ", 8, 1444171253, 19.3905, 7.44781e+07
dfid , pancake16 ,  "10 11 9 8 7 6 0 5 1 2 3 4 12 13 14 15 ", 5, 74731, 0.000811, 9.21467e+07
dfid , pancake16 ,  "8 10 6 12 3 14 15 9 4 13 7 0 11 2 1 5" ,NA, NA, NA, NA
dfid , pancake16 ,  "5 9 14 8 2 6 4 3 7 13 12 10 11 15 1 0" ,NA, NA, NA, NA
dfid , pancake16 ,  "13 14 12 0 1 4 7 8 11 10 9 3 2 6 5 15 ", 8, 232182574, 3.07182, 7.55847e+07
dfid , pancake16 ,  "12 11 10 9 8 4 3 2 1 0 5 6 7 13 14 15 ", 3, 2656, 4.1e-05, 6.47805e+07
dfid , pancake16 ,  "7 6 5 4 3 8 9 10 11 12 2 1 0 13 14 15 ", 3, 990, 1.6e-05, 6.1875e+07
dfid , pancake16 ,  "5 11 7 13 12 8 1 0 2 10 9 4 14 6 15 3" ,NA, NA, NA, NA
dfid , pancake16 ,  "7 12 8 3 15 2 6 10 9 0 14 13 1 11 5 4" ,NA, NA, NA, NA
dfid , pancake16 ,  "1 0 9 10 5 8 7 11 6 2 3 4 12 13 14 15 ", 7, 66378254, 0.994541, 6.67426e+07
dfid , pancake16 ,  "11 0 14 10 5 2 13 8 12 3 6 7 15 1 9 4" ,NA, NA, NA, NA
dfid , pancake16 ,  "1 2 0 13 6 11 14 15 8 9 5 3 4 10 12 7" ,NA, NA, NA, NA
dfid , pancake16 ,  "3 1 6 4 7 0 2 12 15 10 14 13 5 11 9 8" ,NA, NA, NA, NA
dfid , pancake16 ,  "13 12 2 15 11 1 9 5 3 4 14 10 0 7 6 8" ,NA, NA, NA, NA
dfid , pancake16 ,  "4 2 1 8 5 0 9 13 6 14 3 11 10 15 12 7" ,NA, NA, NA, NA
dfid , pancake16 ,  "9 7 6 5 10 11 12 13 14 4 15 8 1 0 3 2" ,NA, NA, NA, NA
dfid , pancake16 ,  "2 1 11 10 9 6 7 8 12 13 5 0 3 4 14 15 ", 7, 95078614, 1.31544, 7.22791e+07
dfid , pancake16 ,  "9 4 5 6 15 7 8 3 11 12 0 10 2 1 13 14" ,NA, NA, NA, NA
dfid , pancake16 ,  "11 3 15 14 12 13 2 5 10 7 4 1 8 9 6 0" ,NA, NA, NA, NA
dfid , pancake16 ,  "15 13 12 11 10 9 8 14 0 1 2 3 4 5 6 7 ", 4, 46418, 0.001036, 4.4805e+07
dfid , pancake16 ,  "12 11 10 9 8 7 6 0 1 2 3 4 5 13 14 15 ", 2, 186, 5e-06, 3.72e+07
dfid , pancake16 ,  "11 8 5 4 7 0 2 1 14 10 12 15 6 13 3 9" ,NA, NA, NA, NA
dfid , pancake16 ,  "7 6 5 4 3 2 1 0 8 9 10 11 12 13 14 15 ", 1, 7, 3e-06, 2.33333e+06
dfid , pancake16 ,  "6 2 7 8 9 10 11 5 4 0 1 3 12 13 14 15 ", 6, 1022801, 0.024225, 4.22209e+07
dfid , pancake16 ,  "11 10 9 8 0 1 2 3 7 6 5 4 12 13 14 15 ", 3, 2387, 7.3e-05, 3.26986e+07
dfid , pancake16 ,  "2 1 0 8 12 11 9 10 3 4 7 6 5 13 14 15 ", 6, 4141622, 0.071694, 5.7768e+07
dfid , pancake16 ,  "13 12 11 10 0 1 2 3 4 5 6 7 8 9 14 15 ", 2, 205, 1.1e-05, 1.86364e+07
dfid , pancake16 ,  "12 13 11 10 9 8 7 6 5 4 3 2 1 0 14 15 ", 2, 28, 3e-06, 9.33333e+06
dfid , pancake16 ,  "2 3 4 5 6 7 8 9 10 11 1 0 12 13 14 15 ", 2, 146, 2e-05, 7.3e+06
dfid , pancake16 ,  "5 6 11 12 0 1 10 9 8 7 13 14 15 4 3 2 ", 8, 419877808, 6.70601, 6.26122e+07
dfid , pancake16 ,  "8 15 3 1 14 11 13 6 9 4 2 12 0 7 10 5" ,NA, NA, NA, NA
dfid , pancake16 ,  "13 12 11 10 9 8 7 0 1 2 3 4 5 6 14 15 ", 2, 202, 8e-06, 2.525e+07
dfid , pancake16 ,  "12 11 10 9 8 7 6 5 4 3 2 1 0 14 15 13 ", 3, 3192, 8.2e-05, 3.89268e+07
dfid , pancake16 ,  "7 3 4 5 6 8 9 10 11 12 13 14 2 1 0 15 ", 4, 12824, 0.00018, 7.12444e+07
dfid , pancake16 ,  "7 8 9 10 11 12 6 5 4 3 2 1 0 13 14 15 ", 2, 87, 4e-06, 2.175e+07
dfid , pancake16 ,  "7 6 5 4 2 3 1 0 8 9 10 11 12 13 14 15 ", 4, 15260, 0.000236, 6.4661e+07
dfid , pancake16 ,  "8 12 14 13 0 2 7 6 4 9 11 3 15 5 1 10" ,NA, NA, NA, NA
dfid , pancake16 ,  "15 14 13 12 11 0 1 2 3 4 5 6 7 8 9 10 ", 2, 236, 5e-06, 4.72e+07
dfid , pancake16 ,  "6 7 8 9 10 11 12 5 0 4 3 2 1 13 14 15 ", 4, 20305, 0.000266, 7.63346e+07
dfid , pancake16 ,  "7 8 9 10 11 12 13 14 6 1 0 2 3 4 5 15 ", 4, 23709, 0.000322, 7.36304e+07
dfid , pancake16 ,  "12 5 4 3 2 11 10 9 8 7 6 1 0 13 14 15 ", 4, 14028, 0.000178, 7.8809e+07
dfid , pancake16 ,  "4 5 3 1 2 7 10 8 11 12 13 14 6 9 15 0" ,NA, NA, NA, NA
dfid , pancake16 ,  "0 5 6 3 4 1 2 7 8 9 10 11 12 13 14 15 ", 5, 184035, 0.002413, 7.62681e+07
dfid , pancake16 ,  "8 7 6 2 1 0 3 4 5 14 9 13 12 11 10 15 ", 6, 5797962, 0.078433, 7.39225e+07
dfid , pancake16 ,  "11 12 13 14 15 10 9 8 0 1 5 4 6 7 3 2 ", 6, 2949817, 0.040352, 7.31021e+07
dfid , pancake16 ,  "1 2 3 4 5 6 7 8 9 0 10 11 12 13 14 15 ", 2, 129, 4e-06, 3.225e+07
dfid , pancake16 ,  "2 3 4 5 6 7 8 12 11 10 9 1 0 13 14 15 ", 3, 2181, 4.9e-05, 4.45102e+07
dfid , pancake16 ,  "6 5 4 3 2 7 8 9 10 11 12 13 1 0 14 15 ", 3, 1021, 3.9e-05, 2.61795e+07
dfid , pancake16 ,  "0 1 2 3 4 5 6 11 12 8 9 10 7 13 14 15 ", 6, 3835778, 0.06369, 6.02257e+07
dfid , pancake16 ,  "7 5 4 3 2 1 0 8 9 6 10 11 12 13 14 15 ", 4, 25553, 0.000328, 7.79055e+07
dfid , pancake16 ,  "7 8 6 5 4 3 2 1 0 10 11 9 12 13 14 15 ", 4, 5238, 9.5e-05, 5.51368e+07
dfid , pancake16 ,  "15 5 11 2 12 7 6 13 8 4 3 14 9 10 0 1" ,NA, NA, NA, NA
dfid , pancake16 ,  "4 5 6 7 8 0 1 9 10 3 2 11 12 13 14 15 ", 5, 361672, 0.004986, 7.25375e+07
dfid , pancake16 ,  "14 13 12 0 1 2 3 4 6 5 7 8 9 10 11 15 ", 5, 379919, 0.006538, 5.81094e+07
dfid , pancake16 ,  "4 5 6 7 8 9 10 11 12 3 2 1 0 13 14 15 ", 2, 132, 4.2e-05, 3.14286e+06
dfid , pancake16 ,  "6 0 11 5 9 14 10 3 12 15 7 8 2 13 4 1" ,NA, NA, NA, NA
dfid , pancake16 ,  "15 14 13 0 1 2 3 4 12 11 10 9 8 7 6 5 ", 3, 3296, 8.2e-05, 4.01951e+07
dfid , pancake16 ,  "10 6 9 3 4 5 15 0 1 2 8 13 12 7 11 14" ,NA, NA, NA, NA
dfid , pancake16 ,  "8 7 3 6 5 4 2 1 15 0 9 10 11 12 13 14 ", 8, 132611319, 2.07867, 6.37963e+07
dfid , pancake16 ,  "1 15 14 13 12 11 10 9 0 2 3 4 8 6 7 5 ", 8, 890020886, 13.7187, 6.48764e+07
dfid , pancake16 ,  "7 9 8 1 2 3 4 5 6 10 0 11 12 13 14 15 ", 6, 1261988, 0.025646, 4.9208e+07
dfid , pancake16 ,  "12 6 9 1 8 7 5 13 4 2 3 14 10 15 11 0" ,NA, NA, NA, NA
dfid , pancake16 ,  "5 4 0 1 2 3 6 7 8 9 10 11 12 13 14 15 ", 2, 79, 4e-06, 1.975e+07
dfid , pancake16 ,  "2 3 4 5 6 7 8 9 10 0 1 11 12 13 14 15 ", 3, 1839, 2.8e-05, 6.56786e+07
dfid , pancake16 ,  "7 9 0 4 1 15 2 3 13 6 14 5 10 11 12 8" ,NA, NA, NA, NA
dfid , pancake16 ,  "3 6 4 5 0 10 9 8 7 2 1 11 12 13 14 15 ", 7, 67486723, 1.21562, 5.55162e+07
dfid , pancake16 ,  "4 7 5 10 0 6 12 15 1 2 3 13 11 14 8 9" ,NA, NA, NA, NA
dfid , pancake16 ,  "10 15 6 3 1 2 0 7 8 4 9 12 13 14 11 5" ,NA, NA, NA, NA
dfid , pancake16 ,  "11 10 2 1 0 12 13 14 6 5 4 3 15 9 7 8 ", 8, 219256497, 3.63926, 6.02475e+07
dfid , pancake16 ,  "13 14 12 11 10 9 0 1 2 8 7 6 5 4 3 15 ", 4, 6005, 0.000107, 5.61215e+07
dfid , pancake16 ,  "15 14 3 4 5 1 2 13 12 7 6 0 8 9 10 11" ,NA, NA, NA, NA
dfid , pancake16 ,  "9 8 7 6 4 3 13 12 11 0 1 2 10 5 14 15 ", 6, 6649533, 0.129124, 5.14973e+07
dfid , pancake16 ,  "9 10 11 12 8 7 6 5 4 3 2 1 0 13 14 15 ", 2, 57, 5e-06, 1.14e+07
dfid , pancake16 ,  "8 9 12 11 10 5 13 7 6 4 3 2 1 0 14 15 ", 7, 34317621, 0.673032, 5.09896e+07
dfid , pancake16 ,  "12 4 3 7 5 8 9 10 11 2 6 1 0 13 14 15" ,NA, NA, NA, NA
