 dfid , topSpinCompact16_4 , "10 1 12 3 7 13 6 2 8 14 11 9 0 5 4 15", na, na, na, na
 dfid , topSpinCompact16_4 , "0 4 3 2 1 5 6 7 11 10 9 8 12 13 14 15", 2, 41, 3e-06, 1.36667e+07
 dfid , topSpinCompact16_4 , "11 3 5 2 12 0 8 9 7 6 14 4 1 10 13 15", na, na, na, na
 dfid , topSpinCompact16_4 , "8 5 9 14 12 13 6 7 11 10 1 3 4 2 0 15", na, na, na, na
 dfid , topSpinCompact16_4 , "0 13 6 7 5 10 11 1 9 12 8 3 4 14 2 15", na, na, na, na
 dfid , topSpinCompact16_4 , "14 6 12 1 10 0 9 2 5 8 13 7 4 11 3 15", na, na, na, na
 dfid , topSpinCompact16_4 , "9 8 6 1 2 4 5 10 14 13 12 11 7 3 0 15", 8, 16563737, 0.262958, 6.299e+07
 dfid , topSpinCompact16_4 , "14 6 7 10 9 2 8 4 5 3 1 13 12 11 0 15", 8, 49485719, 0.774083, 6.39282e+07
 dfid , topSpinCompact16_4 , "0 10 5 6 11 7 8 9 12 1 2 14 13 4 3 15", 10, 1177416773, 17.8803, 6.58501e+07
 dfid , topSpinCompact16_4 , "0 7 5 11 6 14 4 2 10 13 1 9 3 8 12 15", na, na, na, na
 dfid , topSpinCompact16_4 , "0 1 2 9 5 4 3 10 6 7 13 12 11 8 14 15", 4, 7626, 0.000142, 5.37042e+07
 dfid , topSpinCompact16_4 , "3 7 6 1 2 0 9 8 5 12 11 10 4 13 14 15", 6, 322960, 0.005078, 6.35998e+07
 dfid , topSpinCompact16_4 , "3 1 6 5 2 0 9 8 7 4 10 14 13 12 11 15", 6, 301042, 0.004898, 6.14622e+07
 dfid , topSpinCompact16_4 , "8 3 7 4 5 6 9 10 11 1 14 13 12 0 2 15", 8, 63422932, 0.927146, 6.84066e+07
 dfid , topSpinCompact16_4 , "13 14 7 2 3 4 6 5 11 10 0 1 12 8 9 15", 10, 3962977572, 62.0262, 6.3892e+07
 dfid , topSpinCompact16_4 , "10 11 12 5 14 2 1 0 6 7 3 9 13 4 8 15", 8, 15403141, 0.238186, 6.46685e+07
 dfid , topSpinCompact16_4 , "5 4 9 12 8 1 2 3 6 14 11 7 13 0 10 15", na, na, na, na
 dfid , topSpinCompact16_4 , "13 8 2 10 14 4 6 0 9 1 12 11 5 7 3 15", na, na, na, na
 dfid , topSpinCompact16_4 , "10 11 12 14 4 5 1 13 7 6 2 3 8 9 0 15", 6, 621558, 0.009425, 6.59478e+07
 dfid , topSpinCompact16_4 , "14 2 7 11 6 9 1 10 5 4 13 0 8 12 3 15", na, na, na, na
 dfid , topSpinCompact16_4 , "1 3 7 6 8 5 4 2 9 0 12 14 13 11 10 15", 8, 37770600, 0.578325, 6.53103e+07
 dfid , topSpinCompact16_4 , "3 2 1 0 12 5 6 7 11 10 4 8 9 13 14 15", 6, 180057, 0.003026, 5.95033e+07
 dfid , topSpinCompact16_4 , "0 12 13 14 4 3 2 1 8 7 6 5 9 10 11 15", 4, 2492, 4.7e-05, 5.30213e+07
 dfid , topSpinCompact16_4 , "0 1 2 3 7 6 5 9 10 11 4 14 13 12 8 15", 4, 11656, 0.000262, 4.44885e+07
 dfid , topSpinCompact16_4 , "11 1 14 8 3 0 2 5 6 9 13 4 7 12 10 15", na, na, na, na
 dfid , topSpinCompact16_4 , "0 4 3 6 7 2 1 5 8 9 10 14 13 12 11 15", 4, 8289, 0.000143, 5.7965e+07
 dfid , topSpinCompact16_4 , "3 5 4 12 10 8 9 11 13 1 14 0 7 2 6 15", na, na, na, na
 dfid , topSpinCompact16_4 , "8 0 13 3 9 11 2 1 5 10 12 14 6 7 4 15", na, na, na, na
 dfid , topSpinCompact16_4 , "1 2 12 7 6 8 4 14 13 11 0 9 5 10 3 15", na, na, na, na
 dfid , topSpinCompact16_4 , "0 1 5 4 3 11 7 6 2 10 13 12 8 9 14 15", 4, 9417, 0.000158, 5.96013e+07
 dfid , topSpinCompact16_4 , "14 2 3 4 7 11 10 5 6 9 8 12 13 1 0 15", 4, 8499, 0.000157, 5.41338e+07
 dfid , topSpinCompact16_4 , "3 2 1 0 8 9 13 12 4 5 6 7 11 10 14 15", 6, 196917, 0.002921, 6.74142e+07
 dfid , topSpinCompact16_4 , "0 8 14 4 3 6 11 10 2 12 5 1 13 9 7 15", na, na, na, na
 dfid , topSpinCompact16_4 , "8 5 12 11 9 10 13 0 1 3 7 6 2 4 14 15", 8, 29131734, 0.442785, 6.57921e+07
 dfid , topSpinCompact16_4 , "14 13 4 5 1 2 8 9 3 6 7 0 12 11 10 15", 6, 823779, 0.011858, 6.94703e+07
 dfid , topSpinCompact16_4 , "5 6 8 7 3 2 9 10 11 12 13 14 4 1 0 15", 4, 6265, 9.2e-05, 6.80978e+07
 dfid , topSpinCompact16_4 , "2 1 5 6 9 13 12 7 14 10 11 8 3 4 0 15", 6, 620109, 0.009442, 6.56756e+07
 dfid , topSpinCompact16_4 , "7 12 4 3 6 5 13 9 2 14 8 11 1 10 0 15", 8, 10675386, 0.161975, 6.59076e+07
 dfid , topSpinCompact16_4 , "3 4 12 11 6 5 8 7 10 9 13 14 2 1 0 15", 4, 5491, 9.4e-05, 5.84149e+07
 dfid , topSpinCompact16_4 , "14 13 5 1 0 3 2 9 8 7 6 10 11 12 4 15", 4, 12341, 0.000208, 5.93317e+07
 dfid , topSpinCompact16_4 , "0 3 14 11 12 2 1 13 4 5 6 7 8 9 10 15", 4, 4066, 8.5e-05, 4.78353e+07
 dfid , topSpinCompact16_4 , "0 4 5 1 2 3 6 13 9 8 7 12 11 10 14 15", 4, 5180, 9.3e-05, 5.56989e+07
 dfid , topSpinCompact16_4 , "9 8 14 0 1 5 4 10 6 7 11 3 2 12 13 15", 8, 62181093, 0.939537, 6.61827e+07
 dfid , topSpinCompact16_4 , "3 4 9 13 6 5 8 7 12 11 10 14 2 1 0 15", 4, 5503, 9.8e-05, 5.61531e+07
 dfid , topSpinCompact16_4 , "6 7 5 2 14 10 9 12 0 1 13 3 8 11 4 15", na, na, na, na
 dfid , topSpinCompact16_4 , "0 4 3 2 1 5 9 8 7 6 10 11 12 13 14 15", 2, 39, 4e-06, 9.75e+06
 dfid , topSpinCompact16_4 , "7 5 13 12 2 8 11 1 6 9 10 14 0 3 4 15", na, na, na, na
 dfid , topSpinCompact16_4 , "3 4 5 9 8 7 12 11 10 6 13 0 1 2 14 15", 4, 10627, 0.00016, 6.64187e+07
 dfid , topSpinCompact16_4 , "0 1 2 3 4 8 7 6 5 12 11 10 9 13 14 15", 2, 103, 5e-06, 2.06e+07
 dfid , topSpinCompact16_4 , "11 3 13 1 6 4 5 12 9 0 7 10 14 8 2 15", na, na, na, na
 dfid , topSpinCompact16_4 , "1 0 4 5 9 11 10 8 13 2 6 7 3 14 12 15", na, na, na, na
 dfid , topSpinCompact16_4 , "14 1 0 13 4 3 2 10 11 12 9 8 7 5 6 15", 10, 2343768719, 44.0981, 5.3149e+07
 dfid , topSpinCompact16_4 , "3 2 1 0 4 11 9 5 8 10 7 13 12 6 14 15", 8, 12923633, 0.211952, 6.09743e+07
 dfid , topSpinCompact16_4 , "0 1 2 6 7 3 4 5 10 11 12 8 9 13 14 15", 4, 8368, 0.000134, 6.24478e+07
 dfid , topSpinCompact16_4 , "3 0 7 6 2 1 5 4 8 9 10 11 12 13 14 15", 4, 3583, 5.6e-05, 6.39821e+07
 dfid , topSpinCompact16_4 , "1 11 2 12 10 6 14 4 8 9 0 3 13 5 7 15", na, na, na, na
 dfid , topSpinCompact16_4 , "8 3 5 12 11 7 10 6 2 4 1 14 13 9 0 15", na, na, na, na
 dfid , topSpinCompact16_4 , "4 5 8 9 10 11 12 2 1 0 13 14 3 7 6 15", 6, 836681, 0.02187, 3.8257e+07
 dfid , topSpinCompact16_4 , "0 10 3 2 1 6 5 4 7 8 9 12 11 13 14 15", 6, 287934, 0.008059, 3.57283e+07
 dfid , topSpinCompact16_4 , "14 12 10 13 7 8 9 11 0 2 1 6 3 4 5 15", na, na, na, na
 dfid , topSpinCompact16_4 , "2 9 3 7 1 10 11 4 8 5 14 13 12 6 0 15", 8, 19229585, 0.368746, 5.21486e+07
 dfid , topSpinCompact16_4 , "2 3 4 7 8 12 5 6 11 10 9 14 13 1 0 15", 6, 496106, 0.010884, 4.55812e+07
 dfid , topSpinCompact16_4 , "3 4 7 14 10 9 8 13 12 11 2 6 5 0 1 15", 6, 517217, 0.010902, 4.74424e+07
 dfid , topSpinCompact16_4 , "0 5 10 14 13 4 3 11 7 12 8 9 6 1 2 15", 8, 18669776, 0.419263, 4.453e+07
 dfid , topSpinCompact16_4 , "8 9 5 4 3 13 14 12 0 1 7 11 2 6 10 15", na, na, na, na
 dfid , topSpinCompact16_4 , "0 6 11 13 7 1 12 3 4 5 9 14 2 8 10 15", 10, 5031520860, 89.0776, 5.64847e+07
 dfid , topSpinCompact16_4 , "0 1 2 6 5 4 3 7 8 9 10 14 13 12 11 15", 2, 76, 4e-06, 1.9e+07
 dfid , topSpinCompact16_4 , "11 12 0 14 1 2 10 7 4 3 9 6 5 8 13 15", na, na, na, na
 dfid , topSpinCompact16_4 , "7 14 8 1 12 0 3 6 11 13 4 5 2 10 9 15", na, na, na, na
 dfid , topSpinCompact16_4 , "14 8 9 0 3 4 5 1 2 6 7 11 12 13 10 15", 6, 603252, 0.008915, 6.76671e+07
 dfid , topSpinCompact16_4 , "11 2 13 4 3 9 8 12 0 5 6 7 10 1 14 15", 8, 44841394, 0.668283, 6.70994e+07
 dfid , topSpinCompact16_4 , "13 1 9 10 12 2 6 11 7 8 5 3 14 4 0 15", 10, 1192490663, 18.805, 6.34134e+07
 dfid , topSpinCompact16_4 , "12 2 11 5 6 1 14 13 10 4 3 9 8 7 0 15", na, na, na, na
 dfid , topSpinCompact16_4 , "3 4 6 5 7 8 11 10 9 12 13 14 2 1 0 15", 6, 388826, 0.005644, 6.88919e+07
 dfid , topSpinCompact16_4 , "14 13 12 0 1 2 3 4 5 9 8 7 6 10 11 15", 2, 155, 4e-06, 3.875e+07
 dfid , topSpinCompact16_4 , "3 12 13 14 4 0 5 2 1 7 10 9 8 6 11 15", 8, 14991774, 0.302202, 4.96085e+07
 dfid , topSpinCompact16_4 , "4 5 1 11 7 6 2 10 3 13 8 9 0 12 14 15", 8, 35607031, 0.760309, 4.68323e+07
 dfid , topSpinCompact16_4 , "7 11 5 2 0 4 8 3 1 6 10 14 12 13 9 15", na, na, na, na
 dfid , topSpinCompact16_4 , "2 9 5 4 11 10 0 12 7 6 1 13 3 8 14 15", 8, 50827130, 0.745102, 6.8215e+07
 dfid , topSpinCompact16_4 , "0 1 2 3 4 8 5 9 10 7 6 14 13 12 11 15", 4, 10961, 0.00019, 5.76895e+07
 dfid , topSpinCompact16_4 , "14 13 1 6 5 2 3 7 4 8 9 10 11 12 0 15", 4, 8337, 0.000135, 6.17556e+07
 dfid , topSpinCompact16_4 , "0 13 9 5 12 2 3 4 1 8 10 11 6 7 14 15", 10, 754052644, 12.0986, 6.23257e+07
 dfid , topSpinCompact16_4 , "5 6 1 10 9 13 12 11 0 3 2 14 7 8 4 15", 8, 9176792, 0.130429, 7.03585e+07
 dfid , topSpinCompact16_4 , "14 1 0 8 5 2 4 3 7 6 12 13 9 11 10 15", 10, 1405735371, 21.4226, 6.56193e+07
 dfid , topSpinCompact16_4 , "14 11 13 5 3 12 2 8 10 9 4 0 1 6 7 15", na, na, na, na
 dfid , topSpinCompact16_4 , "6 9 0 1 5 4 3 2 7 13 8 12 11 14 10 15", 10, 2835834895, 46.8634, 6.05128e+07
 dfid , topSpinCompact16_4 , "14 10 1 2 3 4 8 9 5 6 7 13 12 11 0 15", 4, 11928, 0.00018, 6.62667e+07
 dfid , topSpinCompact16_4 , "5 6 7 3 4 11 10 9 8 12 13 14 2 1 0 15", 4, 1964, 3.4e-05, 5.77647e+07
 dfid , topSpinCompact16_4 , "0 1 2 3 4 11 7 6 5 8 12 13 10 9 14 15", 4, 10130, 0.00019, 5.33158e+07
 dfid , topSpinCompact16_4 , "2 5 4 3 1 13 12 11 9 8 7 10 14 0 6 15", 10, 938676619, 16.0751, 5.83932e+07
 dfid , topSpinCompact16_4 , "13 11 12 4 3 1 0 2 14 5 6 7 10 9 8 15", 8, 74048079, 1.14585, 6.4623e+07
 dfid , topSpinCompact16_4 , "9 7 12 11 13 2 0 14 10 5 4 3 8 1 6 15", na, na, na, na
 dfid , topSpinCompact16_4 , "3 14 8 1 0 2 13 11 7 12 10 4 9 6 5 15", na, na, na, na
 dfid , topSpinCompact16_4 , "0 1 2 9 12 13 3 5 7 11 10 6 8 4 14 15", 10, 2308104007, 36.7693, 6.27725e+07
 dfid , topSpinCompact16_4 , "8 1 2 3 12 0 4 5 6 7 11 14 13 9 10 15", 6, 265123, 0.004141, 6.40239e+07
 dfid , topSpinCompact16_4 , "6 8 3 2 5 4 7 11 10 1 0 12 9 13 14 15", 8, 10454970, 0.161599, 6.4697e+07
 dfid , topSpinCompact16_4 , "5 6 14 12 1 0 7 8 4 10 11 2 3 9 13 15", na, na, na, na
 dfid , topSpinCompact16_4 , "4 7 1 8 9 0 3 2 5 6 10 11 12 13 14 15", 6, 581055, 0.008614, 6.74547e+07
 dfid , topSpinCompact16_4 , "4 9 8 2 3 10 7 11 12 6 14 0 1 5 13 15", 10, 1373666105, 21.0701, 6.51952e+07
 dfid , topSpinCompact16_4 , "14 7 2 3 11 10 6 0 4 5 8 9 13 1 12 15", na, na, na, na
 dfid , topSpinCompact16_4 , "13 12 11 3 2 7 14 8 1 4 5 0 6 9 10 15", 10, 3483224695, 54.2627, 6.41919e+07
 dfid , topSpinCompact16_4 , "0 4 8 1 7 11 12 9 10 5 6 14 3 13 2 15", na, na, na, na
 dfid , topSpinCompact16_4 , "7 4 13 3 6 1 0 12 11 9 14 5 10 2 8 15", na, na, na, na
 dfid , topSpinCompact16_4 , "4 5 1 0 2 3 8 7 6 9 13 12 11 10 14 15", 6, 178068, 0.003007, 5.92178e+07
 dfid , topSpinCompact16_4 , "14 7 12 11 6 5 4 8 9 10 1 2 0 3 13 15", na, na, na, na
 dfid , topSpinCompact16_4 , "0 7 3 2 1 6 5 4 8 9 10 11 12 13 14 15", 2, 37, 3e-06, 1.23333e+07
 dfid , topSpinCompact16_4 , "0 1 2 6 5 4 12 8 7 3 11 14 13 9 10 15", 4, 10625, 0.000183, 5.80601e+07
 dfid , topSpinCompact16_4 , "3 2 1 4 5 6 7 8 13 14 11 12 9 10 0 15", 6, 894289, 0.014566, 6.13956e+07
 dfid , topSpinCompact16_4 , "4 3 2 10 11 7 6 9 8 12 13 14 5 1 0 15", 4, 7191, 0.000142, 5.06408e+07
 dfid , topSpinCompact16_4 , "14 13 0 4 3 2 5 9 8 7 6 1 12 10 11 15", 10, 3496432789, 55.7489, 6.27176e+07
 dfid , topSpinCompact16_4 , "14 13 1 4 5 6 2 3 7 11 10 9 8 12 0 15", 4, 7031, 0.000134, 5.24701e+07
 dfid , topSpinCompact16_4 , "2 1 7 5 14 3 13 4 10 11 12 9 8 6 0 15", 10, 2628432671, 43.2734, 6.07402e+07
 dfid , topSpinCompact16_4 , "0 6 12 3 5 9 7 2 8 13 11 10 1 4 14 15", na, na, na, na
 dfid , topSpinCompact16_4 , "2 10 6 4 5 0 12 11 8 1 13 3 7 9 14 15", na, na, na, na
 dfid , topSpinCompact16_4 , "14 2 3 4 7 8 9 5 6 13 12 11 10 1 0 15", 4, 8520, 0.000128, 6.65625e+07
 dfid , topSpinCompact16_4 , "0 1 5 4 3 7 13 10 11 12 9 8 14 2 6 15", 8, 52218809, 0.791986, 6.5934e+07
 dfid , topSpinCompact16_4 , "0 6 9 8 4 5 10 14 13 12 11 3 7 1 2 15", 6, 419756, 0.006664, 6.29886e+07
 dfid , topSpinCompact16_4 , "0 12 11 2 1 13 14 3 7 6 5 4 8 9 10 15", 4, 7539, 0.000123, 6.12927e+07
 dfid , topSpinCompact16_4 , "2 1 5 9 8 10 12 7 6 11 13 0 3 4 14 15", 10, 3439398891, 53.6235, 6.41398e+07
 dfid , topSpinCompact16_4 , "3 5 14 7 1 4 13 9 8 10 11 12 2 6 0 15", 8, 27130196, 0.418512, 6.48254e+07
