grupo, algorithm, domain, instance, cost, generated, time, gen_per_sec
2, dfid, 11puzzle , "15 7 1 8 10 9 11 4 0 5 2 3 14 12 6 13", na, na, na, na
2, dfid, 11puzzle , "9 6 2 0 15 7 13 12 3 8 11 4 1 5 14 10", na, na, na, na
2, dfid, 11puzzle , "1 12 13 9 7 6 15 14 0 2 3 4 5 11 10 8", na, na, na, na
2, dfid, 11puzzle , "3 4 5 6 7 8 9 10 11 12 15 14 13 0 1 2", 4, 36294, 0.003149, 1.15256e+07
2, dfid, 11puzzle , "4 3 12 11 10 0 9 2 5 1 8 7 6 13 14 15", na, na, na, na
2, dfid, 11puzzle , "1 13 0 2 9 12 11 8 14 15 4 5 6 7 3 10", na, na, na, na
2, dfid, 11puzzle , "14 3 0 10 1 9 8 7 2 5 4 15 12 13 6 11", na, na, na, na
2, dfid, 11puzzle , "11 12 14 13 10 9 8 0 1 2 3 4 5 6 7 15", 4, 9488, 0.000932, 1.01803e+07
2, dfid, 11puzzle , "14 15 13 10 9 8 11 12 7 6 5 4 3 2 1 0", 6, 883320, 0.029748, 2.96934e+07
2, dfid, 11puzzle , "13 12 11 10 9 8 7 6 5 4 3 2 1 0 14 15", 1, 13, 7e-06, 1.85714e+06
2, dfid, 11puzzle , "4 8 6 2 3 0 13 14 7 9 11 1 12 5 15 10", na, na, na, na
2, dfid, 11puzzle , "5 0 1 2 3 4 12 13 14 15 6 7 8 9 10 11", 4, 29921, 0.002411, 1.24102e+07
2, dfid, 11puzzle , "1 0 8 9 10 7 11 2 3 12 13 14 4 5 6 15", 7, 53672425, 1.41477, 3.79373e+07
2, dfid, 11puzzle , "4 5 3 2 1 0 6 7 8 9 10 11 12 13 14 15", 2, 20, 8e-06, 2.5e+06
2, dfid, 11puzzle , "9 10 8 7 6 3 2 1 0 4 5 11 12 13 14 15", 4, 5157, 0.000255, 2.02235e+07
2, dfid, 11puzzle , "5 4 3 2 1 0 6 7 8 9 12 11 10 13 14 15", 4, 17344, 0.000856, 2.02617e+07
2, dfid, 11puzzle , "15 0 1 3 2 5 6 12 11 10 9 8 7 4 14 13", na, na, na, na
2, dfid, 11puzzle , "6 7 12 11 10 9 8 5 4 3 2 1 0 13 14 15", 3, 1352, 0.000141, 9.58865e+06
2, dfid, 11puzzle , "3 1 0 6 5 4 2 7 8 9 10 11 12 13 14 15", 5, 216665, 0.007042, 3.07675e+07
2, dfid, 11puzzle , "7 8 9 10 6 5 4 3 0 1 2 11 12 13 14 15", 3, 785, 4.4e-05, 1.78409e+07
2, dfid, 11puzzle , "15 3 4 5 6 7 8 2 1 0 10 11 12 13 14 9", 6, 4073044, 0.116868, 3.48517e+07
2, dfid, 11puzzle , "2 3 4 11 14 10 7 0 5 1 13 12 8 9 6 15", na, na, na, na
2, dfid, 11puzzle , "9 8 7 6 5 10 3 2 1 0 11 14 13 12 4 15", 6, 2860863, 0.087924, 3.25379e+07
2, dfid, 11puzzle , "10 9 4 14 15 3 0 7 12 6 1 8 11 13 5 2", na, na, na, na
2, dfid, 11puzzle , "2 1 0 14 3 4 5 6 7 8 9 10 11 12 13 15", 3, 856, 9.7e-05, 8.82474e+06
2, dfid, 11puzzle , "4 3 1 2 0 12 5 6 7 8 11 13 14 10 9 15", na, na, na, na
2, dfid, 11puzzle , "3 7 6 5 14 0 1 2 4 8 9 10 13 12 11 15", 7, 61044656, 1.61421, 3.78171e+07
2, dfid, 11puzzle , "6 7 5 4 3 2 1 0 8 9 10 11 12 13 14 15", 2, 22, 8e-06, 2.75e+06
2, dfid, 11puzzle , "0 5 1 8 3 4 15 2 6 12 14 10 11 9 7 13", na, na, na, na
2, dfid, 11puzzle , "10 9 6 0 1 5 7 8 4 3 2 11 12 13 14 15", 6, 6041834, 0.170772, 3.53795e+07
2, dfid, 11puzzle , "15 14 13 12 11 10 9 8 7 6 5 4 3 0 1 2", 2, 228, 3.4e-05, 6.70588e+06
2, dfid, 11puzzle , "1 2 3 4 5 6 7 8 9 10 11 12 13 0 14 15", 2, 193, 1e-05, 1.93e+07
2, dfid, 11puzzle , "7 11 12 13 14 10 9 8 6 5 4 3 2 1 0 15", 4, 22214, 0.000598, 3.71472e+07
2, dfid, 11puzzle , "3 12 0 8 7 9 11 10 13 6 5 15 14 2 1 4", na, na, na, na
2, dfid, 11puzzle , "1 0 8 7 6 5 4 3 2 9 10 11 12 13 14 15", 4, 4754, 0.000467, 1.01799e+07
2, dfid, 11puzzle , "10 0 1 9 14 3 2 12 8 7 13 15 6 5 4 11", na, na, na, na
2, dfid, 11puzzle , "3 4 5 6 7 1 12 11 8 9 2 0 10 13 14 15", 8, 1038386712, 28.6647, 3.62253e+07
2, dfid, 11puzzle , "12 13 14 11 10 9 8 7 6 5 4 3 2 1 0 15", 2, 44, 1.2e-05, 3.66667e+06
2, dfid, 11puzzle , "0 1 2 3 9 8 10 11 12 13 14 15 4 5 6 7", 6, 2233992, 0.066708, 3.34891e+07
2, dfid, 11puzzle , "12 7 9 13 14 10 11 15 3 0 4 6 5 2 1 8", na, na, na, na
2, dfid, 11puzzle , "7 10 0 3 8 9 13 12 1 2 6 11 14 15 5 4", na, na, na, na
2, dfid, 11puzzle , "9 10 11 12 2 1 8 0 4 5 6 3 7 13 14 15", 8, 440329438, 11.7243, 3.7557e+07
2, dfid, 11puzzle , "14 13 3 0 7 9 2 6 10 8 4 15 1 12 11 5", na, na, na, na
2, dfid, 11puzzle , "7 2 1 13 15 14 8 5 0 3 10 6 11 12 4 9", na, na, na, na
2, dfid, 11puzzle , "3 8 9 6 11 4 14 0 1 7 15 2 10 5 12 13", na, na, na, na
2, dfid, 11puzzle , "7 6 5 4 3 2 8 9 10 11 12 13 1 0 14 15", 3, 1232, 4e-05, 3.08e+07
2, dfid, 11puzzle , "11 10 1 2 3 12 15 13 4 5 6 7 8 9 0 14", na, na, na, na
2, dfid, 11puzzle , "3 2 1 0 6 7 8 9 10 11 12 13 4 5 14 15", 3, 2521, 7.8e-05, 3.23205e+07
2, dfid, 11puzzle , "13 4 15 6 7 12 10 3 5 1 9 2 11 14 0 8", na, na, na, na
2, dfid, 11puzzle , "14 7 0 5 13 4 10 15 12 6 2 8 3 9 11 1", na, na, na, na
2, dfid, 11puzzle , "0 1 2 6 5 4 3 7 8 9 10 11 12 13 14 15", 3, 1331, 4.2e-05, 3.16905e+07
2, dfid, 11puzzle , "12 3 2 1 0 6 7 8 9 4 11 10 5 13 14 15", 6, 7098681, 0.191326, 3.71025e+07
2, dfid, 11puzzle , "14 12 10 15 13 5 4 3 6 11 8 7 0 1 2 9", na, na, na, na
2, dfid, 11puzzle , "6 7 8 9 10 12 13 3 2 11 14 15 5 4 1 0", 8, 525566949, 14.0848, 3.73146e+07
2, dfid, 11puzzle , "13 12 6 10 7 9 4 1 2 15 8 11 0 5 3 14", na, na, na, na
2, dfid, 11puzzle , "3 2 1 0 4 5 11 10 9 8 7 6 12 13 14 15", 4, 11269, 0.00038, 2.96553e+07
2, dfid, 11puzzle , "7 6 5 4 3 1 0 2 8 9 10 11 12 13 14 15", 3, 1523, 5.5e-05, 2.76909e+07
2, dfid, 11puzzle , "10 9 8 7 6 5 4 3 11 2 0 1 12 13 14 15", 4, 22518, 0.000728, 3.09313e+07
2, dfid, 11puzzle , "12 3 10 9 14 2 5 8 11 1 7 6 13 0 4 15", na, na, na, na
2, dfid, 11puzzle , "4 1 2 3 9 8 7 13 0 12 10 11 14 15 5 6", na, na, na, na
2, dfid, 11puzzle , "5 7 8 0 9 15 14 13 12 11 10 6 1 2 3 4", 8, 257180972, 6.81572, 3.77335e+07
2, dfid, 11puzzle , "3 4 13 12 11 10 9 8 7 6 5 0 1 2 14 15", 4, 31622, 0.00102, 3.1002e+07
2, dfid, 11puzzle , "12 13 14 11 10 9 8 7 6 5 4 3 2 1 0 15", 2, 44, 1.1e-05, 4e+06
2, dfid, 11puzzle , "6 3 2 1 0 7 8 9 10 11 12 13 14 15 5 4", 4, 41603, 0.00119, 3.49605e+07
2, dfid, 11puzzle , "15 14 13 9 10 8 7 6 5 4 3 2 1 0 11 12", 4, 47078, 0.002835, 1.6606e+07
2, dfid, 11puzzle , "12 9 10 5 6 4 1 0 2 11 13 7 8 3 14 15", na, na, na, na
2, dfid, 11puzzle , "11 10 9 8 7 6 5 12 13 15 14 4 3 2 1 0", 4, 19864, 0.001942, 1.02286e+07
2, dfid, 11puzzle , "5 4 2 13 11 14 15 10 9 3 6 8 1 12 0 7", na, na, na, na
2, dfid, 11puzzle , "4 3 2 1 0 5 13 12 11 10 9 8 7 6 14 15", 4, 14677, 0.001603, 9.15596e+06
2, dfid, 11puzzle , "6 5 4 3 0 1 2 7 8 9 10 11 12 13 14 15", 2, 93, 1.1e-05, 8.45455e+06
2, dfid, 11puzzle , "2 3 6 4 14 12 13 10 5 15 1 7 0 8 9 11", na, na, na, na
2, dfid, 11puzzle , "4 5 6 3 2 1 0 14 9 10 11 12 13 8 7 15", 6, 1486581, 0.047824, 3.10844e+07
2, dfid, 11puzzle , "6 7 8 9 10 11 12 13 14 5 4 3 0 1 2 15", 3, 1900, 0.00019, 1e+07
2, dfid, 11puzzle , "4 3 11 1 7 6 5 0 12 13 2 14 10 9 8 15", na, na, na, na
2, dfid, 11puzzle , "7 15 14 1 0 8 9 10 11 5 6 12 2 4 3 13", na, na, na, na
2, dfid, 11puzzle , "0 3 12 13 14 11 10 9 8 7 6 5 4 2 1 15", 6, 2922199, 0.078581, 3.71871e+07
2, dfid, 11puzzle , "7 6 5 4 13 14 15 3 9 10 11 8 12 0 2 1", na, na, na, na
2, dfid, 11puzzle , "5 6 4 3 2 1 0 7 8 9 10 11 12 13 14 15", 2, 21, 4e-06, 5.25e+06
2, dfid, 11puzzle , "7 8 9 6 5 4 3 2 1 0 10 11 12 13 14 15", 2, 39, 5e-06, 7.8e+06
2, dfid, 11puzzle , "6 5 4 0 1 2 3 7 8 9 10 11 12 13 14 15", 2, 94, 1e-05, 9.4e+06
2, dfid, 11puzzle , "1 2 3 4 5 6 0 7 8 9 10 11 12 13 14 15", 2, 81, 7e-06, 1.15714e+07
2, dfid, 11puzzle , "13 12 11 10 9 8 0 1 7 6 5 4 3 2 14 15", 3, 2839, 0.000144, 1.97153e+07
2, dfid, 11puzzle , "15 14 6 7 8 9 10 11 3 0 2 1 12 13 4 5", na, na, na, na
2, dfid, 11puzzle , "4 7 14 0 10 15 8 11 9 6 3 1 13 2 5 12", na, na, na, na
2, dfid, 11puzzle , "14 9 10 2 15 13 6 8 1 5 4 7 11 12 3 0", na, na, na, na
2, dfid, 11puzzle , "0 1 2 3 4 5 6 7 8 9 10 11 12 13 14 15", 0, 0, 2e-06, 0
2, dfid, 11puzzle , "13 14 0 8 5 6 2 11 12 7 3 1 9 10 15 4", na, na, na, na
2, dfid, 11puzzle , "10 9 8 0 1 2 3 4 5 6 7 11 12 13 14 15", 2, 158, 1e-05, 1.58e+07
2, dfid, 11puzzle , "14 13 6 11 12 1 5 7 8 2 3 4 0 9 10 15", na, na, na, na
2, dfid, 11puzzle , "0 1 2 3 4 5 12 13 11 10 9 8 7 6 14 15", 4, 40118, 0.001129, 3.55341e+07
2, dfid, 11puzzle , "1 0 11 12 10 9 2 3 4 5 13 14 15 8 7 6", 7, 48032133, 1.29518, 3.70854e+07
2, dfid, 11puzzle , "4 5 11 12 13 14 3 2 6 7 8 9 10 0 1 15", 6, 3490771, 0.09189, 3.79886e+07
2, dfid, 11puzzle , "15 7 12 0 1 5 8 4 11 10 6 3 2 13 9 14", na, na, na, na
2, dfid, 11puzzle , "1 7 11 4 3 10 8 5 12 2 13 9 15 6 0 14", na, na, na, na
2, dfid, 11puzzle , "5 3 13 4 14 8 15 0 1 6 7 12 11 2 9 10", na, na, na, na
2, dfid, 11puzzle , "13 12 8 1 3 9 15 14 11 5 2 6 7 0 4 10", na, na, na, na
2, dfid, 11puzzle , "8 2 1 6 9 10 4 3 11 12 0 15 14 13 5 7", na, na, na, na
2, dfid, 11puzzle , "12 14 4 10 1 9 2 5 8 6 0 3 15 7 11 13", na, na, na, na
2, dfid, 11puzzle , "13 9 10 11 7 3 2 12 8 6 5 4 0 1 14 15", na, na, na, na
2, dfid, 11puzzle , "3 6 12 1 7 13 11 5 0 14 15 10 9 8 2 4", na, na, na, na
2, dfid, 11puzzle , "15 14 13 12 11 10 9 8 0 1 2 3 4 5 7 6", 3, 3201, 0.000458, 6.98908e+06
2, dfid, 11puzzle , "5 6 7 8 4 3 2 1 0 9 10 11 12 13 14 15", 2, 53, 5e-06, 1.06e+07
2, dfid, 11puzzle , "1 2 3 13 14 12 4 0 5 6 7 8 9 10 11 15", 6, 3643120, 0.102664, 3.54859e+07
2, dfid, 11puzzle , "0 1 2 3 4 5 8 9 10 11 12 13 7 6 14 15", 4, 40178, 0.001499, 2.68032e+07
2, dfid, 11puzzle , "0 4 11 10 9 5 6 13 15 3 2 12 8 1 14 7", na, na, na, na
2, dfid, 11puzzle , "0 1 8 5 6 7 12 11 10 4 2 3 9 13 14 15", na, na, na, na
2, dfid, 11puzzle , "10 11 9 8 7 6 0 5 1 2 3 4 12 13 14 15", 5, 74731, 0.001924, 3.88415e+07
2, dfid, 11puzzle , "8 10 6 12 3 14 15 9 4 13 7 0 11 2 1 5", na, na, na, na
2, dfid, 11puzzle , "5 9 14 8 2 6 4 3 7 13 12 10 11 15 1 0", na, na, na, na
2, dfid, 11puzzle , "13 14 12 0 1 4 7 8 11 10 9 3 2 6 5 15", 8, 232182574, 6.05594, 3.83396e+07
2, dfid, 11puzzle , "12 11 10 9 8 4 3 2 1 0 5 6 7 13 14 15", 3, 2656, 7.5e-05, 3.54133e+07
2, dfid, 11puzzle , "7 6 5 4 3 8 9 10 11 12 2 1 0 13 14 15", 3, 990, 3e-05, 3.3e+07
2, dfid, 11puzzle , "5 11 7 13 12 8 1 0 2 10 9 4 14 6 15 3", na, na, na, na
2, dfid, 11puzzle , "7 12 8 3 15 2 6 10 9 0 14 13 1 11 5 4", na, na, na, na
2, dfid, 11puzzle , "1 0 9 10 5 8 7 11 6 2 3 4 12 13 14 15", 7, 66378254, 1.73281, 3.83066e+07
2, dfid, 11puzzle , "11 0 14 10 5 2 13 8 12 3 6 7 15 1 9 4", na, na, na, na
2, dfid, 11puzzle , "1 2 0 13 6 11 14 15 8 9 5 3 4 10 12 7", na, na, na, na
2, dfid, 11puzzle , "3 1 6 4 7 0 2 12 15 10 14 13 5 11 9 8", na, na, na, na
2, dfid, 11puzzle , "13 12 2 15 11 1 9 5 3 4 14 10 0 7 6 8", na, na, na, na
2, dfid, 11puzzle , "4 2 1 8 5 0 9 13 6 14 3 11 10 15 12 7", na, na, na, na
2, dfid, 11puzzle , "9 7 6 5 10 11 12 13 14 4 15 8 1 0 3 2", na, na, na, na
2, dfid, 11puzzle , "2 1 11 10 9 6 7 8 12 13 5 0 3 4 14 15", 7, 95078614, 2.5327, 3.75404e+07
2, dfid, 11puzzle , "9 4 5 6 15 7 8 3 11 12 0 10 2 1 13 14", na, na, na, na
2, dfid, 11puzzle , "11 3 15 14 12 13 2 5 10 7 4 1 8 9 6 0", na, na, na, na
2, dfid, 11puzzle , "15 13 12 11 10 9 8 14 0 1 2 3 4 5 6 7", 4, 46418, 0.001424, 3.25969e+07
2, dfid, 11puzzle , "12 11 10 9 8 7 6 0 1 2 3 4 5 13 14 15", 2, 186, 1.1e-05, 1.69091e+07
2, dfid, 11puzzle , "11 8 5 4 7 0 2 1 14 10 12 15 6 13 3 9", na, na, na, na
2, dfid, 11puzzle , "7 6 5 4 3 2 1 0 8 9 10 11 12 13 14 15", 1, 7, 3e-06, 2.33333e+06
2, dfid, 11puzzle , "6 2 7 8 9 10 11 5 4 0 1 3 12 13 14 15", 6, 1022801, 0.035233, 2.90296e+07
2, dfid, 11puzzle , "11 10 9 8 0 1 2 3 7 6 5 4 12 13 14 15", 3, 2387, 0.000241, 9.90456e+06
2, dfid, 11puzzle , "2 1 0 8 12 11 9 10 3 4 7 6 5 13 14 15", 6, 4141622, 0.117304, 3.53067e+07
2, dfid, 11puzzle , "13 12 11 10 0 1 2 3 4 5 6 7 8 9 14 15", 2, 205, 1.1e-05, 1.86364e+07
2, dfid, 11puzzle , "12 13 11 10 9 8 7 6 5 4 3 2 1 0 14 15", 2, 28, 3e-06, 9.33333e+06
2, dfid, 11puzzle , "2 3 4 5 6 7 8 9 10 11 1 0 12 13 14 15", 2, 146, 8e-06, 1.825e+07
2, dfid, 11puzzle , "5 6 11 12 0 1 10 9 8 7 13 14 15 4 3 2", 8, 419877808, 11.111, 3.77894e+07
2, dfid, 11puzzle , "8 15 3 1 14 11 13 6 9 4 2 12 0 7 10 5", na, na, na, na
2, dfid, 11puzzle , "13 12 11 10 9 8 7 0 1 2 3 4 5 6 14 15", 2, 202, 1.1e-05, 1.83636e+07
2, dfid, 11puzzle , "12 11 10 9 8 7 6 5 4 3 2 1 0 14 15 13", 3, 3192, 0.00024, 1.33e+07
2, dfid, 11puzzle , "7 3 4 5 6 8 9 10 11 12 13 14 2 1 0 15", 4, 12824, 0.000758, 1.69182e+07
2, dfid, 11puzzle , "7 8 9 10 11 12 6 5 4 3 2 1 0 13 14 15", 2, 87, 7e-06, 1.24286e+07
2, dfid, 11puzzle , "7 6 5 4 2 3 1 0 8 9 10 11 12 13 14 15", 4, 15260, 0.000659, 2.31563e+07
2, dfid, 11puzzle , "8 12 14 13 0 2 7 6 4 9 11 3 15 5 1 10", na, na, na, na
2, dfid, 11puzzle , "15 14 13 12 11 0 1 2 3 4 5 6 7 8 9 10", 2, 236, 2.9e-05, 8.13793e+06
2, dfid, 11puzzle , "6 7 8 9 10 11 12 5 0 4 3 2 1 13 14 15", 4, 20305, 0.001618, 1.25494e+07
2, dfid, 11puzzle , "7 8 9 10 11 12 13 14 6 1 0 2 3 4 5 15", 4, 23709, 0.001851, 1.28088e+07
2, dfid, 11puzzle , "12 5 4 3 2 11 10 9 8 7 6 1 0 13 14 15", 4, 14028, 0.001386, 1.01212e+07
2, dfid, 11puzzle , "4 5 3 1 2 7 10 8 11 12 13 14 6 9 15 0", na, na, na, na
2, dfid, 11puzzle , "0 5 6 3 4 1 2 7 8 9 10 11 12 13 14 15", 5, 184035, 0.014761, 1.24677e+07
2, dfid, 11puzzle , "8 7 6 2 1 0 3 4 5 14 9 13 12 11 10 15", 6, 5797962, 0.162602, 3.56574e+07
2, dfid, 11puzzle , "11 12 13 14 15 10 9 8 0 1 5 4 6 7 3 2", 6, 2949817, 0.081744, 3.6086e+07
2, dfid, 11puzzle , "1 2 3 4 5 6 7 8 9 0 10 11 12 13 14 15", 2, 129, 2.2e-05, 5.86364e+06
2, dfid, 11puzzle , "2 3 4 5 6 7 8 12 11 10 9 1 0 13 14 15", 3, 2181, 8.8e-05, 2.47841e+07
2, dfid, 11puzzle , "6 5 4 3 2 7 8 9 10 11 12 13 1 0 14 15", 3, 1021, 3.3e-05, 3.09394e+07
2, dfid, 11puzzle , "0 1 2 3 4 5 6 11 12 8 9 10 7 13 14 15", 6, 3835778, 0.110413, 3.47403e+07
2, dfid, 11puzzle , "7 5 4 3 2 1 0 8 9 6 10 11 12 13 14 15", 4, 25553, 0.002378, 1.07456e+07
2, dfid, 11puzzle , "7 8 6 5 4 3 2 1 0 10 11 9 12 13 14 15", 4, 5238, 0.000228, 2.29737e+07
2, dfid, 11puzzle , "15 5 11 2 12 7 6 13 8 4 3 14 9 10 0 1", na, na, na, na
2, dfid, 11puzzle , "4 5 6 7 8 0 1 9 10 3 2 11 12 13 14 15", 5, 361672, 0.014669, 2.46555e+07
2, dfid, 11puzzle , "14 13 12 0 1 2 3 4 6 5 7 8 9 10 11 15", 5, 379919, 0.017103, 2.22136e+07
2, dfid, 11puzzle , "4 5 6 7 8 9 10 11 12 3 2 1 0 13 14 15", 2, 132, 8e-06, 1.65e+07
2, dfid, 11puzzle , "6 0 11 5 9 14 10 3 12 15 7 8 2 13 4 1", na, na, na, na
2, dfid, 11puzzle , "15 14 13 0 1 2 3 4 12 11 10 9 8 7 6 5", 3, 3296, 0.000117, 2.81709e+07
2, dfid, 11puzzle , "10 6 9 3 4 5 15 0 1 2 8 13 12 7 11 14", na, na, na, na
2, dfid, 11puzzle , "8 7 3 6 5 4 2 1 15 0 9 10 11 12 13 14", 8, 132611319, 3.53979, 3.74631e+07
2, dfid, 11puzzle , "1 15 14 13 12 11 10 9 0 2 3 4 8 6 7 5", 8, 890020886, 23.5091, 3.78586e+07
2, dfid, 11puzzle , "7 9 8 1 2 3 4 5 6 10 0 11 12 13 14 15", 6, 1261988, 0.039775, 3.17282e+07
2, dfid, 11puzzle , "12 6 9 1 8 7 5 13 4 2 3 14 10 15 11 0", na, na, na, na
2, dfid, 11puzzle , "5 4 0 1 2 3 6 7 8 9 10 11 12 13 14 15", 2, 79, 5e-06, 1.58e+07
2, dfid, 11puzzle , "2 3 4 5 6 7 8 9 10 0 1 11 12 13 14 15", 3, 1839, 5.6e-05, 3.28393e+07
2, dfid, 11puzzle , "7 9 0 4 1 15 2 3 13 6 14 5 10 11 12 8", na, na, na, na
2, dfid, 11puzzle , "3 6 4 5 0 10 9 8 7 2 1 11 12 13 14 15", 7, 67486723, 1.76147, 3.83128e+07
2, dfid, 11puzzle , "4 7 5 10 0 6 12 15 1 2 3 13 11 14 8 9", na, na, na, na
2, dfid, 11puzzle , "10 15 6 3 1 2 0 7 8 4 9 12 13 14 11 5", na, na, na, na
2, dfid, 11puzzle , "11 10 2 1 0 12 13 14 6 5 4 3 15 9 7 8", 8, 219256497, 5.84274, 3.75263e+07
2, dfid, 11puzzle , "13 14 12 11 10 9 0 1 2 8 7 6 5 4 3 15", 4, 6005, 0.00063, 9.53175e+06
2, dfid, 11puzzle , "15 14 3 4 5 1 2 13 12 7 6 0 8 9 10 11", na, na, na, na
2, dfid, 11puzzle , "9 8 7 6 4 3 13 12 11 0 1 2 10 5 14 15", 6, 6649533, 0.213949, 3.108e+07
2, dfid, 11puzzle , "9 10 11 12 8 7 6 5 4 3 2 1 0 13 14 15", 2, 57, 4e-06, 1.425e+07
2, dfid, 11puzzle , "8 9 12 11 10 5 13 7 6 4 3 2 1 0 14 15", 7, 34317621, 0.923242, 3.71708e+07
2, dfid, 11puzzle , "12 4 3 7 5 8 9 10 11 2 6 1 0 13 14 15", na, na, na, na
