41 43
41 43
43 43
41 41
42 42
42 42
36 36
30 34
32 32
32 36
43 45
43 43
35 35
36 36
41 43
44 44
24 26
46 46
43 43
36 38
36 36
34 38
41 43
33 37
34 36
32 36
40 40
33 35
36 36
38 40
35 35
38 40
43 43
42 44
36 40
39 39
36 36
40 42
35 35
36 38
36 38
30 32
48 48
32 34
39 39
35 35
35 37
39 41
33 39
39 41
44 44
38 44
50 52
40 42
29 29
29 29
36 38
37 37
35 39
48 48
31 33
43 43
40 42
31 33
31 33
41 43
28 30
31 31
37 37
30 32
30 32
38 40
37 37
46 48
30 30
41 41
34 34
41 41
28 30
43 43
39 41
40 42
31 33
37 41
32 32
35 37
34 36
43 45
38 38
36 36
41 43
37 37
34 34
45 45
34 34
35 35
32 34
34 36
39 39
38 40
