A*, PDB555, 15puzzle,"7 15 8 2 13 6 3 12 11 B 4 10 9 5 1 14", 53, 43, 1743164, 0.861882, 2.02251e+06
A*, PDB555, 15puzzle,"14 13 15 7 11 12 9 5 6 B 2 1 4 8 10 3", 57, 43, 8750581, 4.25719, 2.05548e+06
A*, PDB555, 15puzzle,"13 5 4 10 9 12 8 14 2 3 7 1 B 15 11 6", 55, 43, 841018, 0.37578, 2.23806e+06
A*, PDB555, 15puzzle," 14 7 8 2 13 11 10 4 9 12 5 B 3 6 1 15", na, 41, na, na, na
A*, PDB555, 15puzzle,"5 12 10 7 15 11 14 B 8 2 1 13 3 4 9 6", 56, 42, 5656934, 2.67659, 2.11348e+06
A*, PDB555, 15puzzle,"4 7 14 13 10 3 9 12 11 5 6 15 1 2 8 B", 56, 42, 4254841, 2.02311, 2.10312e+06
A*, PDB555, 15puzzle,"14 7 1 9 12 3 6 15 8 11 2 5 10 B 4 13", 52, 36, 2067219, 0.990015, 2.08807e+06
A*, PDB555, 15puzzle,"2 11 15 5 13 4 6 7 12 8 10 1 9 3 14 B", 52, 34, 7506559, 3.85366, 1.9479e+06
A*, PDB555, 15puzzle,"12 11 15 3 8 B 4 2 6 13 9 5 14 1 10 7", 50, 32, 6759688, 3.24884, 2.08065e+06
A*, PDB555, 15puzzle,"3 14 9 11 5 4 8 2 13 12 6 7 10 1 15 B", 46, 36, 214729, 0.082729, 2.59557e+06
A*, PDB555, 15puzzle,"13 11 8 9 B 15 7 10 4 3 6 14 5 12 2 1", 59, 45, 8923747, 4.39324, 2.03124e+06
A*, PDB555, 15puzzle,"5 9 13 14 6 3 7 12 10 8 4 B 15 2 11 1", 57, 43, 8459514, 4.23797, 1.99612e+06
A*, PDB555, 15puzzle,"14 1 9 6 4 8 12 5 7 2 3 B 10 11 13 15", 45, 35, 109842, 0.040642, 2.70267e+06
A*, PDB555, 15puzzle,"3 6 5 2 10 B 15 14 1 4 13 12 9 8 11 7", 46, 36, 2132554, 0.992467, 2.14874e+06
A*, PDB555, 15puzzle,"7 6 8 1 11 5 14 10 3 4 9 13 15 2 B 12", 59, 43, 17374377, 8.85367, 1.96239e+06
A*, PDB555, 15puzzle," 13 11 4 12 1 8 9 15 6 5 14 2 7 3 10 B", na, 44, na, na, na
A*, PDB555, 15puzzle,"1 3 2 5 10 9 15 6 8 14 13 11 12 4 7 B", 42, 26, 1187502, 0.528135, 2.24848e+06
A*, PDB555, 15puzzle," 15 14 B 4 11 1 6 13 7 5 8 9 3 2 10 12", na, 46, na, na, na
A*, PDB555, 15puzzle,"6 B 14 12 1 15 9 10 11 4 7 2 8 3 5 13", 55, 43, 2333391, 1.08731, 2.14602e+06
A*, PDB555, 15puzzle,"7 11 8 3 14 B 6 15 1 4 13 9 5 12 2 10", 46, 38, 249348, 0.093492, 2.66705e+06
A*, PDB555, 15puzzle,"6 12 11 3 13 7 9 15 2 14 8 10 4 1 5 B", 52, 36, 5481188, 2.61948, 2.09247e+06
A*, PDB555, 15puzzle,"12 8 14 6 11 4 7 B 5 1 10 15 3 13 9 2", 54, 38, 8517418, 4.22755, 2.01474e+06
A*, PDB555, 15puzzle," 14 3 9 1 15 8 4 5 11 7 10 13 B 2 12 6", na, 41, na, na, na
A*, PDB555, 15puzzle,"10 9 3 11 B 13 2 14 5 6 4 7 8 15 1 12", 49, 37, 818345, 0.338184, 2.41982e+06
A*, PDB555, 15puzzle,"7 3 14 13 4 1 10 8 5 12 9 11 2 15 6 B", 54, 36, 7563993, 3.76844, 2.0072e+06
A*, PDB555, 15puzzle,"11 4 2 7 1 B 10 15 6 9 14 8 3 13 5 12", 52, 36, 6375600, 3.04431, 2.09427e+06
A*, PDB555, 15puzzle,"5 7 3 12 15 13 14 8 B 10 9 6 1 4 2 11", 58, 40, 16785026, 8.35849, 2.00814e+06
A*, PDB555, 15puzzle,"14 1 8 15 2 6 B 3 9 12 10 13 4 7 5 11", 53, 35, 15858410, 8.08071, 1.9625e+06
A*, PDB555, 15puzzle,"13 14 6 12 4 5 1 B 9 3 10 2 15 11 8 7", 52, 36, 1681213, 0.762747, 2.20416e+06
A*, PDB555, 15puzzle,"9 8 B 2 15 1 4 14 3 10 7 5 11 13 6 12", 54, 40, 3321491, 1.5287, 2.17276e+06
A*, PDB555, 15puzzle,"12 15 2 6 1 14 4 8 5 3 7 B 10 13 9 11", 47, 35, 235758, 0.090909, 2.59334e+06
A*, PDB555, 15puzzle,"12 8 15 13 1 B 5 4 6 3 2 11 9 7 14 10", 50, 40, 551492, 0.234273, 2.35406e+06
A*, PDB555, 15puzzle," 14 10 9 4 13 6 5 8 2 12 7 B 1 3 11 15", na, 43, na, na, na
A*, PDB555, 15puzzle,"14 3 5 15 11 6 13 9 B 10 2 12 4 1 7 8", 60, 44, 18705450, 9.54382, 1.95995e+06
A*, PDB555, 15puzzle,"6 11 7 8 13 2 5 4 1 10 3 9 14 B 12 15", 52, 40, 576006, 0.241584, 2.38429e+06
A*, PDB555, 15puzzle,"1 6 12 14 3 2 15 8 4 5 13 9 B 7 11 10", 55, 39, 9109110, 4.46938, 2.03812e+06
A*, PDB555, 15puzzle,"12 6 B 4 7 3 15 1 13 9 8 11 2 14 5 10", 52, 36, 4178139, 2.03081, 2.05737e+06
A*, PDB555, 15puzzle,"8 1 7 12 11 B 10 5 9 15 6 13 14 2 3 4", 58, 42, 4777143, 2.31479, 2.06375e+06
A*, PDB555, 15puzzle,"9 B 4 10 1 14 15 3 12 6 5 7 11 13 8 2", 49, 35, 3297445, 1.50799, 2.18665e+06
A*, PDB555, 15puzzle,"11 5 1 14 4 12 10 B 2 7 13 3 9 15 6 8", 54, 38, 4850182, 2.31537, 2.09478e+06
A*, PDB555, 15puzzle,"8 13 10 9 11 3 15 6 B 1 2 14 12 5 4 7", 54, 38, 4278481, 2.06368, 2.07323e+06
A*, PDB555, 15puzzle,"4 5 7 2 9 14 12 13 B 3 6 11 8 1 15 10", 42, 32, 97831, 0.032228, 3.03559e+06
A*, PDB555, 15puzzle,"11 15 14 13 1 9 10 4 3 6 2 12 7 5 8 B", 64, 48, 9112227, 4.49362, 2.02782e+06
A*, PDB555, 15puzzle,"12 9 B 6 8 3 5 14 2 4 11 7 10 1 15 13", 50, 34, 3727432, 1.84217, 2.02339e+06
A*, PDB555, 15puzzle,"3 14 9 7 12 15 B 4 1 8 5 6 11 10 2 13", 51, 39, 2013726, 0.961196, 2.09502e+06
A*, PDB555, 15puzzle,"8 4 6 1 14 12 2 15 13 10 9 5 3 7 B 11", 49, 35, 1956180, 0.923557, 2.11809e+06
A*, PDB555, 15puzzle,"6 10 1 14 15 8 3 5 13 B 2 7 4 9 11 12", 47, 37, 231103, 0.089165, 2.59186e+06
A*, PDB555, 15puzzle,"8 11 4 6 7 3 10 9 2 12 15 13 B 1 5 14", 49, 41, 92779, 0.030124, 3.0799e+06
A*, PDB555, 15puzzle," 10 B 2 4 5 1 6 12 11 13 9 7 15 3 14 8", na, 33, na, na, na
A*, PDB555, 15puzzle,"12 5 13 11 2 10 B 9 7 8 4 3 14 6 15 1", 53, 41, 2106321, 1.00342, 2.09915e+06
A*, PDB555, 15puzzle,"10 2 8 4 15 B 1 14 11 13 3 6 9 7 5 12", 56, 44, 1825921, 0.868426, 2.10256e+06
A*, PDB555, 15puzzle,"10 8 B 12 3 7 6 2 1 14 4 11 15 13 9 5", 56, 44, 16443412, 8.33506, 1.9728e+06
A*, PDB555, 15puzzle," 14 9 12 13 15 4 8 10 B 2 1 7 3 11 5 6", na, 50, na, na, na
A*, PDB555, 15puzzle,"12 11 B 8 10 2 13 15 5 4 7 3 6 9 14 1", 56, 42, 14001692, 7.39083, 1.89447e+06
A*, PDB555, 15puzzle,"13 8 14 3 9 1 B 7 15 5 4 10 12 2 6 11", 41, 29, 65550, 0.021351, 3.07011e+06
A*, PDB555, 15puzzle," 3 15 2 5 11 6 4 7 12 9 1 B 13 14 10 8", na, 29, na, na, na
A*, PDB555, 15puzzle,"5 11 6 9 4 13 12 B 8 2 15 10 1 7 3 14", 50, 38, 482568, 0.203313, 2.37352e+06
A*, PDB555, 15puzzle,"5 B 15 8 4 6 1 14 10 11 3 9 7 12 2 13", 51, 37, 809530, 0.344333, 2.35101e+06
A*, PDB555, 15puzzle,"15 14 6 7 10 1 B 11 12 8 4 9 2 5 13 3", 57, 39, 18636487, 9.37669, 1.98753e+06
A*, PDB555, 15puzzle," 11 14 13 1 2 3 12 4 15 7 9 5 10 6 8 B", na, 48, na, na, na
A*, PDB555, 15puzzle,"6 13 3 2 11 9 5 10 1 7 12 14 8 4 B 15", 45, 33, 457789, 0.193757, 2.3627e+06
A*, PDB555, 15puzzle,"4 6 12 B 14 2 9 13 11 8 3 15 7 10 1 5", 57, 43, 9366641, 4.59858, 2.03685e+06
A*, PDB555, 15puzzle,"8 10 9 11 14 1 7 15 13 4 B 12 6 2 5 3", 56, 42, 4497098, 2.16527, 2.07693e+06
A*, PDB555, 15puzzle,"5 2 14 B 7 8 6 3 11 12 13 15 4 10 9 1", 51, 33, 4515744, 2.1948, 2.05747e+06
A*, PDB555, 15puzzle,"7 8 3 2 10 12 4 6 11 13 5 15 B 1 9 14", 47, 33, 1142801, 0.501453, 2.27898e+06
A*, PDB555, 15puzzle," 11 6 14 12 3 5 1 15 8 B 10 13 9 7 4 2", na, 41, na, na, na
A*, PDB555, 15puzzle,"7 1 2 4 8 3 6 11 10 15 B 5 14 12 13 9", 50, 30, 7651222, 3.85669, 1.98388e+06
A*, PDB555, 15puzzle,"7 3 1 13 12 10 5 2 8 B 6 11 14 15 4 9", 51, 31, 11839704, 5.85372, 2.0226e+06
A*, PDB555, 15puzzle,"6 B 5 15 1 14 4 9 2 13 8 10 11 12 7 3", 53, 37, 4247957, 2.04328, 2.07899e+06
A*, PDB555, 15puzzle,"15 1 3 12 4 B 6 5 2 8 14 9 13 10 7 11", 52, 32, 8327299, 4.08109, 2.04046e+06
A*, PDB555, 15puzzle,"5 7 B 11 12 1 9 10 15 6 2 3 8 4 13 14", 44, 32, 280779, 0.105535, 2.66053e+06
A*, PDB555, 15puzzle,"12 15 11 10 4 5 14 B 13 7 1 2 9 8 3 6", 56, 40, 20266705, 10.0133, 2.02399e+06
A*, PDB555, 15puzzle,"6 14 10 5 15 8 7 1 3 4 2 B 12 9 11 13", 49, 37, 778576, 0.328868, 2.36744e+06
A*, PDB555, 15puzzle,"14 13 4 11 15 8 6 9 B 7 3 1 2 10 12 5", 56, 48, 449968, 0.193121, 2.32998e+06
A*, PDB555, 15puzzle,"14 4 B 10 6 5 1 3 9 2 13 15 12 7 8 11", 48, 30, 4407389, 2.13856, 2.06091e+06
A*, PDB555, 15puzzle,"15 10 8 3 B 6 9 5 1 14 13 11 7 2 12 4", 57, 41, 8559368, 4.14277, 2.0661e+06
A*, PDB555, 15puzzle,"B 13 2 4 12 14 6 9 15 1 10 3 11 5 8 7", 54, 34, 2345226, 1.07203, 2.18766e+06
A*, PDB555, 15puzzle,"3 14 13 6 4 15 8 9 5 12 10 B 2 7 1 11", 53, 41, 913636, 0.410332, 2.22658e+06
A*, PDB555, 15puzzle,"B 1 9 7 11 13 5 3 14 12 4 2 8 6 10 15", 42, 30, 130435, 0.046744, 2.79041e+06
A*, PDB555, 15puzzle,"11 B 15 8 13 12 3 5 10 1 4 6 14 9 7 2", 57, 43, 6379232, 3.02548, 2.1085e+06
A*, PDB555, 15puzzle,"13 B 9 12 11 6 3 5 15 8 1 10 4 14 2 7", 53, 41, 284317, 0.116896, 2.43222e+06
A*, PDB555, 15puzzle," 14 10 2 1 13 9 8 11 7 3 6 12 15 5 4 B", na, 40, na, na, na
A*, PDB555, 15puzzle,"12 3 9 1 4 5 10 2 6 11 15 B 14 7 13 8", 49, 33, 2192692, 1.0324, 2.12387e+06
A*, PDB555, 15puzzle,"15 8 10 7 B 12 14 1 5 9 6 3 13 11 4 2", 55, 41, 7711117, 3.82233, 2.01739e+06
A*, PDB555, 15puzzle,"4 7 13 10 1 2 9 6 12 8 14 5 3 B 11 15", 44, 32, 414242, 0.159253, 2.60116e+06
A*, PDB555, 15puzzle,"6 B 5 10 11 12 9 2 1 7 4 3 14 8 13 15", 45, 37, 111012, 0.039714, 2.79529e+06
A*, PDB555, 15puzzle,"9 5 11 10 13 B 2 1 8 6 14 12 4 7 3 15", 52, 36, 3566931, 1.79276, 1.98963e+06
A*, PDB555, 15puzzle," 15 2 12 11 14 13 9 5 1 3 8 7 B 10 6 4", na, 43, na, na, na
A*, PDB555, 15puzzle,"11 1 7 4 10 13 3 8 9 14 B 15 6 5 2 12", 54, 38, 6835800, 3.25012, 2.10324e+06
A*, PDB555, 15puzzle,"5 4 7 1 11 12 14 15 10 13 8 6 2 B 9 3", 50, 36, 897926, 0.413556, 2.17123e+06
A*, PDB555, 15puzzle,"9 7 5 2 14 15 12 10 11 3 6 1 8 13 B 4", 57, 43, 24309154, 12.2392, 1.98617e+06
A*, PDB555, 15puzzle," 3 2 7 9 B 15 12 4 6 11 5 14 8 13 10 1", na, 37, na, na, na
A*, PDB555, 15puzzle,"13 9 14 6 12 8 1 2 3 4 B 7 5 10 11 15", 46, 34, 1245118, 0.543476, 2.29103e+06
A*, PDB555, 15puzzle,"5 7 11 8 B 14 9 13 10 12 3 15 6 1 4 2", 53, 45, 205233, 0.08043, 2.5517e+06
A*, PDB555, 15puzzle,"4 3 6 13 7 15 9 B 10 5 8 11 2 12 1 14", 50, 34, 1454487, 0.654783, 2.22133e+06
A*, PDB555, 15puzzle,"1 7 15 14 2 6 4 9 12 11 13 3 B 8 5 10", 49, 35, 2852838, 1.31994, 2.16133e+06
A*, PDB555, 15puzzle,"9 14 5 7 8 15 1 2 10 4 13 6 12 B 11 3", 44, 34, 184903, 0.065082, 2.84108e+06
A*, PDB555, 15puzzle,"B 11 3 12 5 2 1 9 8 10 14 15 7 4 13 6", 54, 36, 9263805, 4.51789, 2.05047e+06
A*, PDB555, 15puzzle,"7 15 4 B 10 9 2 5 12 11 13 6 1 3 14 8", 57, 39, 15629403, 8.24198, 1.89632e+06
A*, PDB555, 15puzzle,"11 4 B 8 6 10 5 13 12 7 14 3 1 2 9 15", 54, 40, 5938743, 2.81443, 2.11011e+06
