algorithm, heuristic, domain, instance, cost, h0, generated, time, gen_per_sec
A*, gap, pancake28,"21 24 5 25 16 13 15 1 26 7 2 0 22 19 9 10 17 20 23 4 14 12 8 27 11 6 3 18", 27, 27, 3948, 0.001839, 2.14682e+06
A*, gap, pancake28,"14 5 1 22 26 19 12 21 27 11 4 25 0 10 7 9 18 24 13 6 8 2 23 16 15 20 3 17", 28, 27, 327350, 0.103305, 3.16877e+06
A*, gap, pancake28,"5 11 2 18 17 6 19 27 20 15 22 4 23 1 14 26 0 7 10 21 16 3 24 12 8 25 13 9", 28, 27, 112849, 0.041349, 2.72918e+06
A*, gap, pancake28,"24 16 13 19 25 14 23 4 8 5 7 20 22 10 2 27 3 17 18 21 15 0 26 6 1 9 11 12", 27, 26, 66575, 0.029883, 2.22786e+06
A*, gap, pancake28,"16 3 11 8 7 23 21 5 26 15 24 12 20 22 10 6 14 17 13 1 18 2 19 25 0 9 27 4", 28, 27, 236260, 0.083025, 2.84565e+06
A*, gap, pancake28,"21 6 1 22 0 12 9 23 18 27 15 10 4 26 16 7 20 3 13 14 17 5 24 2 11 8 19 25", 28, 27, 131103, 0.046413, 2.8247e+06
A*, gap, pancake28,"21 22 11 15 10 12 9 25 17 16 24 2 7 3 19 1 26 4 18 27 5 20 14 8 13 23 0 6", 27, 26, 59052, 0.027582, 2.14096e+06
A*, gap, pancake28,"1 18 22 14 13 2 23 8 25 0 21 17 24 5 12 11 15 27 3 10 20 16 19 9 4 26 6 7", 26, 25, 523612, 0.169424, 3.09054e+06
A*, gap, pancake28,"3 1 23 18 10 0 12 15 4 21 20 9 27 13 24 14 26 19 8 7 5 25 22 6 16 17 11 2", 25, 25, 19458, 0.00962, 2.02266e+06
A*, gap, pancake28,"27 12 13 9 10 19 4 20 25 14 16 2 21 15 7 18 3 5 17 1 8 0 26 11 22 6 23 24", 26, 25, 107379, 0.031586, 3.39958e+06
A*, gap, pancake28,"2 15 25 27 13 12 21 22 9 17 23 7 20 4 5 3 11 0 8 10 26 14 24 16 6 1 19 18", 25, 24, 135416, 0.046385, 2.91939e+06
A*, gap, pancake28,"15 0 21 22 12 3 6 23 4 5 10 26 11 19 18 17 14 16 24 25 27 9 20 8 7 1 13 2", 23, 22, 85742, 0.02993, 2.86475e+06
A*, gap, pancake28,"16 10 22 25 2 4 20 1 12 14 11 26 5 24 17 3 15 18 0 19 21 23 8 6 7 9 27 13", 27, 27, 30126, 0.006954, 4.33218e+06
A*, gap, pancake28,"20 21 0 9 15 1 11 25 16 18 17 10 19 27 3 22 24 26 14 13 2 6 8 12 5 23 4 7", 26, 25, 420350, 0.152939, 2.74848e+06
A*, gap, pancake28,"12 1 8 11 14 18 16 23 10 19 17 3 0 21 7 27 6 13 9 2 25 26 24 20 15 5 4 22", 26, 26, 19650, 0.009154, 2.1466e+06
A*, gap, pancake28,"15 18 0 27 16 26 6 7 25 4 2 17 9 19 24 11 12 13 5 3 10 20 21 8 1 22 23 14", 24, 23, 34077, 0.012459, 2.73513e+06
A*, gap, pancake28,"9 2 1 11 6 7 14 25 12 10 18 8 24 17 3 4 20 26 15 0 16 19 13 22 27 21 5 23", 25, 25, 10597, 0.004847, 2.1863e+06
A*, gap, pancake28,"11 16 0 24 6 22 25 17 9 20 21 14 15 26 1 3 12 8 23 2 5 10 27 4 7 13 18 19", 26, 25, 132987, 0.045358, 2.93194e+06
A*, gap, pancake28,"4 15 0 8 2 27 22 21 7 26 13 17 3 11 20 24 1 23 25 5 18 14 9 16 6 10 12 19", 28, 27, 230342, 0.078311, 2.94137e+06
A*, gap, pancake28,"10 21 20 1 15 6 2 3 5 22 18 12 27 4 23 7 0 9 8 25 14 24 26 11 19 16 13 17", 26, 25, 680250, 0.22728, 2.993e+06
A*, gap, pancake28,"26 24 16 25 5 8 12 19 11 7 4 13 10 22 20 17 2 27 6 18 1 9 14 3 0 15 23 21", 29, 28, 263050, 0.077626, 3.38868e+06
A*, gap, pancake28,"9 16 23 17 27 0 13 8 6 5 10 14 7 26 2 3 18 25 12 11 15 4 24 1 20 22 21 19", 25, 24, 167531, 0.051907, 3.22752e+06
A*, gap, pancake28,"20 15 11 7 24 23 21 0 17 2 16 12 19 18 26 1 13 6 4 9 14 25 27 22 10 3 8 5", 27, 26, 222944, 0.075209, 2.96433e+06
A*, gap, pancake28,"18 22 11 19 3 13 27 1 12 26 5 21 10 23 15 25 2 20 14 24 9 17 8 16 0 6 7 4", 28, 27, 120178, 0.043077, 2.78984e+06
A*, gap, pancake28,"17 15 12 1 5 24 8 20 9 11 25 10 7 6 19 0 23 26 18 4 3 27 21 2 16 22 14 13", 26, 25, 63462, 0.026643, 2.38194e+06
A*, gap, pancake28,"22 9 19 1 12 0 5 4 2 10 15 21 11 24 6 16 25 3 18 26 7 20 13 23 8 17 14 27", 27, 26, 134437, 0.042844, 3.13783e+06
A*, gap, pancake28,"16 17 15 6 13 9 25 10 26 22 5 3 19 14 18 0 20 1 23 12 7 21 27 24 4 11 2 8", 27, 27, 22925, 0.00667, 3.43703e+06
A*, gap, pancake28,"6 2 19 23 11 16 8 12 20 21 0 1 5 13 17 10 24 4 18 22 7 15 26 25 27 9 3 14", 27, 25, 7712278, 2.74615, 2.80839e+06
A*, gap, pancake28,"1 18 9 22 19 12 16 11 26 20 13 14 5 25 24 17 6 2 10 0 4 21 7 8 15 23 27 3", 26, 25, 211254, 0.065355, 3.23241e+06
A*, gap, pancake28,"14 2 27 3 1 10 8 15 19 16 26 12 24 7 21 4 0 6 22 13 23 5 11 9 18 17 20 25", 28, 27, 244351, 0.082742, 2.95317e+06
A*, gap, pancake28,"5 27 18 10 4 22 19 13 9 2 0 26 8 1 17 7 25 11 21 20 15 16 12 6 23 24 3 14", 25, 25, 11127, 0.004014, 2.77205e+06
A*, gap, pancake28,"2 4 10 26 6 18 1 17 11 14 19 22 0 15 23 21 16 13 27 24 8 25 7 3 12 20 5 9", 29, 28, 127570, 0.03917, 3.25683e+06
A*, gap, pancake28,"7 25 2 26 11 24 1 0 4 8 10 19 18 5 27 17 13 21 15 6 14 9 12 3 16 23 22 20", 26, 25, 124830, 0.043393, 2.87673e+06
A*, gap, pancake28,"8 2 13 3 11 4 19 17 9 18 27 25 23 22 14 1 15 12 26 0 5 16 6 10 24 21 20 7", 26, 26, 16463, 0.008225, 2.00158e+06
A*, gap, pancake28,"6 12 7 17 15 20 3 24 16 18 8 10 21 22 9 19 4 0 11 27 2 26 13 1 25 14 23 5", 28, 27, 248792, 0.08182, 3.04072e+06
A*, gap, pancake28,"9 21 19 8 7 6 12 13 1 3 26 4 15 5 22 23 11 16 25 27 14 0 10 17 18 24 2 20", 24, 23, 56875, 0.022522, 2.52531e+06
A*, gap, pancake28,"11 17 27 4 21 2 23 16 26 7 24 18 6 25 19 1 0 10 9 15 12 5 13 8 14 3 22 20", 27, 26, 703201, 0.220205, 3.19339e+06
A*, gap, pancake28,"0 12 23 18 22 6 25 4 7 8 2 3 1 11 16 9 17 26 20 21 13 27 10 14 5 24 19 15", 26, 25, 475057, 0.150105, 3.16483e+06
A*, gap, pancake28,"8 3 11 9 2 21 23 24 1 13 19 27 6 5 7 17 22 10 14 25 26 15 18 4 20 0 12 16", 26, 25, 124956, 0.034661, 3.60509e+06
A*, gap, pancake28,"13 10 1 18 23 27 8 6 17 21 12 2 16 7 25 11 15 22 0 5 9 14 20 3 26 24 4 19", 29, 28, 263775, 0.077253, 3.41443e+06
A*, gap, pancake28,"8 7 12 24 25 5 23 4 13 0 27 18 14 19 16 2 15 1 21 26 20 6 10 3 22 11 9 17", 27, 26, 104000, 0.03962, 2.62494e+06
A*, gap, pancake28,"21 6 4 17 23 20 13 12 5 22 8 7 18 14 27 16 9 24 25 15 3 1 10 11 26 0 2 19", 25, 24, 167702, 0.050106, 3.34694e+06
A*, gap, pancake28,"5 27 25 16 15 20 22 8 24 14 18 26 6 11 21 9 3 4 17 19 7 10 23 13 0 12 2 1", 26, 25, 103518, 0.031796, 3.25569e+06
A*, gap, pancake28,"14 20 12 4 9 8 3 7 5 13 26 2 23 22 21 18 25 19 6 17 27 11 15 0 10 1 24 16", 26, 25, 202445, 0.07507, 2.69675e+06
A*, gap, pancake28,"3 19 10 21 26 16 23 24 5 7 18 22 11 8 15 1 4 20 9 12 0 2 27 25 14 13 17 6", 27, 26, 376855, 0.114112, 3.3025e+06
A*, gap, pancake28,"11 24 4 16 18 10 1 15 0 13 3 9 23 12 20 19 26 27 7 17 25 21 6 2 14 8 22 5", 27, 26, 352730, 0.108933, 3.23805e+06
A*, gap, pancake28,"19 20 2 9 16 14 27 12 24 26 3 0 25 11 17 5 21 22 10 4 8 23 1 18 7 13 15 6", 27, 26, 225553, 0.072659, 3.10427e+06
A*, gap, pancake28,"3 26 4 6 22 14 25 11 13 21 0 17 10 5 7 24 19 9 2 23 1 15 12 18 20 8 16 27", 27, 27, 56830, 0.016509, 3.44236e+06
A*, gap, pancake28,"14 5 1 16 19 23 15 4 8 20 6 17 24 2 10 25 0 7 18 21 11 13 9 3 27 26 12 22", 28, 27, 120040, 0.04073, 2.94721e+06
A*, gap, pancake28,"25 14 11 17 3 9 7 26 5 1 0 21 20 8 24 18 10 16 27 23 4 6 15 22 19 2 12 13", 26, 25, 322014, 0.100151, 3.21528e+06
A*, gap, pancake28,"17 20 25 19 5 12 10 7 6 3 9 11 0 24 26 18 4 14 22 21 13 2 27 1 23 8 16 15", 26, 25, 64945, 0.024244, 2.67881e+06
A*, gap, pancake28,"4 14 3 11 7 12 0 21 19 1 8 27 16 10 9 18 25 13 20 17 22 23 5 2 24 6 15 26", 27, 26, 117072, 0.037549, 3.11785e+06
A*, gap, pancake28,"4 18 23 25 20 7 24 6 16 11 27 17 19 3 13 12 2 1 0 15 22 26 8 9 21 10 14 5", 25, 24, 132702, 0.047178, 2.81279e+06
A*, gap, pancake28,"15 0 5 23 20 4 1 10 16 7 24 26 25 27 9 14 13 8 18 11 2 22 6 12 17 3 21 19", 28, 26, 4293332, 1.4481, 2.96481e+06
A*, gap, pancake28,"21 3 13 20 26 23 16 17 18 25 4 6 15 1 9 5 19 7 0 27 24 22 10 2 12 14 8 11", 27, 26, 230931, 0.082667, 2.79351e+06
A*, gap, pancake28,"14 22 9 6 4 18 10 2 21 16 8 25 12 26 3 15 0 1 13 19 24 27 5 20 11 23 7 17", 28, 27, 254321, 0.08894, 2.85947e+06
A*, gap, pancake28,"8 24 1 27 14 10 22 2 17 12 9 26 13 16 6 23 25 21 0 7 19 3 20 15 18 4 5 11", 27, 27, 11486, 0.005249, 2.18823e+06
A*, gap, pancake28,"2 17 5 6 19 14 27 18 1 20 23 12 22 16 24 10 7 3 26 21 13 25 8 11 0 15 9 4", 27, 27, 23207, 0.011113, 2.08827e+06
A*, gap, pancake28,"21 26 24 16 14 10 8 0 4 19 17 2 11 6 23 1 20 18 9 5 3 25 15 7 27 22 12 13", 27, 27, 44594, 0.016206, 2.7517e+06
A*, gap, pancake28,"24 21 11 19 18 2 15 27 5 0 16 7 1 26 13 8 14 25 3 17 12 20 10 23 9 6 4 22", 28, 27, 206081, 0.073015, 2.82245e+06
A*, gap, pancake28,"15 12 0 5 10 20 25 26 4 14 11 9 19 6 21 13 27 3 1 2 23 18 17 7 24 16 8 22", 25, 25, 6928, 0.003592, 1.92873e+06
A*, gap, pancake28,"27 19 6 5 8 10 0 4 13 22 17 14 2 11 12 20 24 21 23 15 7 9 3 18 16 25 1 26", 27, 26, 254516, 0.083564, 3.04576e+06
A*, gap, pancake28,"17 24 15 3 16 9 10 13 11 2 6 12 1 5 18 8 19 25 0 4 7 23 27 22 20 26 14 21", 27, 27, 28708, 0.014256, 2.01375e+06
A*, gap, pancake28,"23 24 25 13 9 2 16 8 15 27 0 7 3 20 21 4 14 11 22 1 17 26 18 12 5 6 19 10", 25, 24, 34015, 0.017298, 1.96641e+06
A*, gap, pancake28,"2 11 18 5 21 25 13 0 22 7 9 16 26 1 14 4 8 24 23 6 15 12 3 17 20 27 19 10", 28, 27, 63896, 0.021828, 2.92725e+06
A*, gap, pancake28,"16 11 23 4 13 17 26 2 20 18 24 7 0 14 8 25 15 19 12 1 27 5 6 3 22 9 21 10", 27, 27, 22652, 0.010841, 2.08948e+06
A*, gap, pancake28,"1 20 18 25 12 22 11 4 7 8 21 26 5 14 9 10 0 13 23 3 15 17 27 16 19 6 2 24", 27, 26, 61217, 0.026603, 2.30113e+06
A*, gap, pancake28,"1 18 7 9 3 14 21 12 17 26 25 11 8 13 4 24 16 22 23 27 6 20 0 5 19 10 15 2", 27, 26, 255481, 0.089099, 2.86738e+06
A*, gap, pancake28,"20 2 16 9 10 6 7 1 4 22 15 5 3 19 17 18 27 14 8 12 24 13 23 0 11 26 21 25", 26, 25, 213976, 0.068591, 3.11959e+06
A*, gap, pancake28,"2 20 12 26 9 15 13 22 1 4 19 24 10 21 27 11 6 0 16 14 25 3 23 18 8 17 7 5", 28, 28, 41485, 0.012303, 3.37194e+06
A*, gap, pancake28,"1 11 25 17 15 2 24 7 21 10 6 22 16 4 13 19 0 20 14 12 3 23 18 5 8 9 26 27", 26, 25, 100892, 0.038741, 2.60427e+06
A*, gap, pancake28,"25 12 4 9 13 5 6 20 19 8 26 15 7 24 0 3 1 2 23 27 22 10 14 16 18 11 17 21", 25, 25, 10787, 0.005019, 2.14923e+06
A*, gap, pancake28,"9 8 21 27 24 1 7 3 13 14 12 17 5 22 15 18 16 20 10 0 4 26 2 25 11 19 6 23", 26, 26, 6608, 0.003436, 1.92317e+06
A*, gap, pancake28,"18 2 7 13 11 19 24 21 22 23 4 20 25 17 10 16 6 5 0 8 15 9 14 3 12 26 1 27", 25, 24, 185669, 0.058336, 3.18275e+06
A*, gap, pancake28,"26 19 21 9 1 5 22 16 0 18 23 4 27 3 6 11 25 13 8 17 24 2 15 20 12 7 10 14", 29, 28, 331667, 0.104743, 3.16648e+06
A*, gap, pancake28,"25 8 27 15 17 18 16 20 6 5 13 19 14 24 3 7 9 10 0 23 11 2 22 26 4 12 21 1", 26, 25, 624740, 0.203658, 3.06759e+06
A*, gap, pancake28,"1 27 15 9 6 5 19 4 3 18 21 20 26 17 22 8 23 16 0 13 25 11 2 12 14 10 7 24", 25, 25, 9295, 0.004439, 2.09394e+06
A*, gap, pancake28,"3 26 8 6 5 16 25 12 23 20 10 21 13 0 22 19 17 11 7 4 15 14 1 9 24 2 18 27", 26, 25, 357565, 0.103023, 3.47073e+06
A*, gap, pancake28,"25 3 27 14 20 0 19 17 6 21 1 15 22 4 10 5 12 24 7 8 26 11 2 9 16 13 23 18", 28, 27, 84726, 0.023151, 3.65971e+06
A*, gap, pancake28,"15 3 22 14 24 9 10 27 19 25 17 26 23 8 11 20 7 21 1 18 0 13 16 4 2 6 12 5", 27, 27, 7064, 0.003612, 1.9557e+06
A*, gap, pancake28,"15 17 6 27 1 19 20 16 23 3 12 0 25 22 18 5 4 10 14 24 26 13 2 8 21 7 11 9", 27, 26, 60943, 0.019564, 3.11506e+06
A*, gap, pancake28,"14 22 25 9 6 18 17 4 1 27 8 5 11 15 3 12 13 20 16 10 26 2 7 19 21 24 0 23", 27, 26, 182751, 0.065752, 2.7794e+06
A*, gap, pancake28,"15 22 8 23 17 5 25 19 24 6 11 3 21 4 26 1 27 16 14 7 2 20 13 0 9 10 18 12", 27, 27, 13633, 0.007203, 1.89268e+06
A*, gap, pancake28,"24 15 18 2 20 17 22 8 26 12 4 7 9 16 1 5 14 27 0 19 11 3 10 6 13 25 21 23", 29, 28, 253006, 0.081604, 3.10041e+06
A*, gap, pancake28,"16 15 19 25 23 7 17 22 5 4 0 24 9 14 11 10 1 18 13 3 6 26 2 27 8 20 12 21", 26, 25, 220068, 0.073314, 3.00172e+06
A*, gap, pancake28,"1 7 12 23 14 8 22 4 18 25 11 10 6 17 13 21 24 15 5 16 20 27 2 3 19 9 0 26", 26, 26, 11413, 0.005188, 2.19988e+06
A*, gap, pancake28,"5 4 21 23 14 20 0 10 13 9 16 1 22 2 25 27 12 8 17 6 26 7 24 19 3 18 11 15", 27, 27, 24174, 0.011616, 2.0811e+06
A*, gap, pancake28,"5 14 16 8 15 21 11 4 17 27 0 18 13 20 23 19 6 2 7 1 25 24 22 26 10 12 9 3", 27, 27, 8112, 0.003868, 2.09721e+06
A*, gap, pancake28,"2 22 24 16 6 10 27 14 5 20 21 13 4 25 23 0 17 11 7 12 8 3 26 1 19 9 18 15", 27, 27, 13100, 0.007059, 1.85579e+06
A*, gap, pancake28,"20 0 21 2 3 9 1 12 24 14 27 4 17 19 15 18 22 5 7 16 10 6 13 25 23 26 8 11", 28, 27, 124897, 0.041856, 2.98397e+06
A*, gap, pancake28,"25 15 11 14 4 12 7 8 10 21 19 3 18 2 0 6 22 24 5 1 13 16 9 27 20 17 26 23", 28, 27, 263408, 0.085615, 3.07666e+06
A*, gap, pancake28,"6 22 12 0 26 8 27 7 20 15 16 13 1 14 17 24 21 4 9 19 5 23 11 2 3 25 18 10", 27, 26, 62373, 0.022138, 2.81746e+06
A*, gap, pancake28,"15 0 6 9 8 25 2 16 26 1 14 12 13 5 27 23 17 11 10 20 4 21 24 7 19 22 18 3", 26, 25, 206862, 0.077707, 2.66208e+06
A*, gap, pancake28,"7 25 16 24 18 19 14 5 21 15 12 11 6 0 23 26 1 22 13 17 8 9 2 4 10 27 20 3", 25, 25, 8560, 0.004276, 2.00187e+06
A*, gap, pancake28,"7 12 15 13 3 5 22 26 23 18 20 16 1 6 8 19 21 10 4 9 25 11 14 0 24 27 2 17", 28, 28, 43564, 0.019514, 2.23245e+06
A*, gap, pancake28,"18 5 4 14 24 12 17 20 22 27 2 3 26 9 16 0 10 11 6 21 8 25 15 23 1 19 7 13", 26, 25, 111946, 0.041134, 2.7215e+06
A*, gap, pancake28,"24 1 15 12 22 27 13 2 10 19 14 3 17 23 21 9 0 6 18 7 20 11 16 26 5 25 4 8", 28, 28, 38460, 0.020014, 1.92165e+06
A*, gap, pancake28,"27 16 2 6 11 24 8 25 15 14 20 17 26 23 12 9 13 5 0 1 7 10 22 19 18 21 3 4", 25, 24, 34065, 0.013559, 2.51235e+06
A*, gap, pancake28,"16 13 7 6 12 4 10 8 0 24 2 18 17 21 25 19 11 5 14 15 26 23 9 1 27 22 3 20", 26, 25, 77956, 0.029209, 2.6689e+06
A*, gap, pancake28,"19 17 22 25 26 10 5 13 23 0 16 21 3 24 15 7 27 1 14 20 6 4 9 12 11 2 8 18", 27, 26, 132492, 0.046764, 2.83321e+06
A*, gap, pancake28,"27 22 24 4 1 14 17 12 21 20 23 2 8 13 25 16 7 9 3 10 26 11 6 15 0 19 18 5", 27, 26, 233183, 0.073808, 3.15932e+06
A*, gap, pancake28,"25 3 9 0 4 21 19 15 23 17 6 18 11 24 16 7 20 8 13 14 12 1 26 2 10 27 5 22", 27, 27, 28058, 0.014537, 1.93011e+06
A*, gap, pancake28,"5 27 23 20 17 24 14 4 9 6 15 2 13 1 12 25 8 19 3 21 7 10 26 11 0 18 22 16", 29, 28, 129056, 0.038654, 3.33875e+06
A*, gap, pancake28,"2 26 17 23 3 16 20 15 12 7 13 19 24 11 5 10 21 27 1 9 0 25 14 6 22 8 18 4", 28, 28, 56585, 0.022356, 2.53109e+06
A*, gap, pancake28,"19 10 18 21 4 8 25 7 24 16 15 14 2 11 23 1 0 12 3 26 17 22 13 6 27 9 5 20", 26, 25, 128893, 0.040929, 3.14919e+06
A*, gap, pancake28,"27 13 21 26 14 11 16 2 7 9 4 10 8 25 6 24 17 20 15 22 23 12 5 3 19 18 1 0", 25, 25, 8451, 0.004066, 2.07846e+06
A*, gap, pancake28,"1 11 21 14 16 17 27 18 19 9 8 12 6 25 0 15 5 13 20 26 3 4 24 22 10 7 2 23", 25, 24, 60049, 0.02687, 2.2348e+06
A*, gap, pancake28,"13 27 7 16 24 25 8 12 0 26 22 14 2 15 4 23 9 21 19 18 1 17 20 6 5 3 10 11", 24, 24, 5758, 0.00253, 2.27589e+06
A*, gap, pancake28,"16 11 8 9 12 10 18 24 5 20 22 0 15 19 1 17 3 13 21 6 7 4 26 23 2 14 25 27", 25, 25, 8101, 0.003934, 2.05923e+06
A*, gap, pancake28,"7 16 13 3 22 6 5 19 24 11 8 25 21 14 4 9 1 10 17 20 15 23 27 2 12 26 18 0", 28, 27, 241349, 0.079478, 3.03668e+06
A*, gap, pancake28,"11 0 7 2 1 3 25 4 20 16 12 17 26 19 5 13 10 9 21 14 18 8 23 27 22 15 6 24", 27, 26, 65525, 0.024481, 2.67657e+06
A*, gap, pancake28,"4 22 23 2 14 6 20 18 27 21 3 15 16 17 1 12 10 24 11 13 5 9 19 25 26 7 0 8", 26, 24, 2025876, 0.685959, 2.95335e+06
A*, gap, pancake28,"7 5 27 2 22 16 25 26 13 23 3 17 15 21 12 24 10 9 14 19 1 4 8 0 18 20 6 11", 27, 26, 256594, 0.081163, 3.16147e+06
A*, gap, pancake28,"19 27 21 25 12 11 5 20 9 14 6 2 1 26 16 8 22 7 18 15 0 24 10 13 3 4 23 17", 26, 25, 33347, 0.014987, 2.22506e+06
A*, gap, pancake28,"4 24 26 18 23 7 2 3 6 0 12 8 15 25 21 17 5 1 13 22 16 10 20 27 11 14 9 19", 28, 27, 248773, 0.076959, 3.23254e+06
A*, gap, pancake28,"19 5 0 15 13 18 17 27 20 4 1 21 26 11 24 23 10 3 8 16 25 22 14 12 2 7 9 6", 27, 26, 66253, 0.028722, 2.3067e+06
A*, gap, pancake28,"24 14 2 0 18 6 25 22 7 5 10 12 16 1 11 20 19 8 4 13 21 23 27 3 15 17 26 9", 28, 27, 428705, 0.148851, 2.88009e+06
A*, gap, pancake28,"8 13 27 2 3 10 0 26 15 18 21 12 4 6 17 14 16 23 24 7 9 25 1 11 20 19 5 22", 26, 25, 62098, 0.017691, 3.51015e+06
A*, gap, pancake28,"17 13 10 15 23 3 9 12 0 25 18 6 14 27 22 21 20 19 7 2 5 24 4 8 26 1 16 11", 25, 25, 4016, 0.001841, 2.18142e+06
A*, gap, pancake28,"19 6 1 22 25 21 8 5 27 12 24 3 7 23 17 10 9 4 11 14 0 26 15 18 20 13 2 16", 28, 27, 125150, 0.043311, 2.88957e+06
A*, gap, pancake28,"24 6 5 2 18 4 23 15 22 14 11 27 26 17 10 20 16 3 8 13 7 1 21 19 25 12 0 9", 27, 26, 125354, 0.036319, 3.45147e+06
A*, gap, pancake28,"25 26 0 27 6 3 18 15 16 4 8 17 23 1 9 5 21 2 19 12 11 7 10 20 13 14 24 22", 25, 24, 102856, 0.036345, 2.82999e+06
A*, gap, pancake28,"21 14 1 10 22 18 2 25 8 27 15 6 5 12 0 24 17 4 20 19 11 23 13 7 3 16 26 9", 27, 26, 229930, 0.080654, 2.85082e+06
A*, gap, pancake28,"27 5 9 1 24 16 15 21 22 11 25 2 13 10 18 12 20 17 6 26 19 4 0 8 23 3 7 14", 26, 26, 11994, 0.005475, 2.19068e+06
A*, gap, pancake28,"25 3 14 12 1 16 20 21 24 15 2 23 6 11 22 17 10 13 8 0 19 7 18 5 27 9 4 26", 27, 27, 22534, 0.010932, 2.06129e+06
A*, gap, pancake28,"24 10 11 26 8 27 0 6 15 25 5 1 14 7 17 13 21 2 23 4 3 12 9 16 22 19 20 18", 26, 25, 33982, 0.017423, 1.95041e+06
A*, gap, pancake28,"1 12 25 22 14 4 3 24 27 11 2 5 21 6 9 26 7 19 17 18 13 8 0 15 16 20 10 23", 26, 25, 56174, 0.02159, 2.60185e+06
A*, gap, pancake28,"19 14 4 6 23 15 2 1 0 8 7 22 17 5 12 10 25 18 21 26 9 3 11 13 27 20 24 16", 26, 25, 64631, 0.022177, 2.91433e+06
A*, gap, pancake28,"21 1 16 17 15 14 20 27 25 4 8 22 24 9 10 11 6 23 5 13 0 19 18 12 2 7 3 26", 24, 23, 260871, 0.083489, 3.12462e+06
A*, gap, pancake28,"7 18 27 20 11 8 9 15 3 26 16 5 14 21 4 23 2 1 22 25 0 13 10 6 17 19 12 24", 26, 26, 43797, 0.020741, 2.11161e+06
A*, gap, pancake28,"5 19 11 16 0 18 8 25 27 21 2 24 20 7 9 10 1 22 6 15 26 23 4 14 13 17 12 3", 26, 26, 7140, 0.003566, 2.00224e+06
A*, gap, pancake28,"27 0 24 8 18 4 9 2 14 21 1 11 22 20 10 19 25 7 12 23 6 5 26 16 13 15 17 3", 28, 27, 439969, 0.153036, 2.87494e+06
A*, gap, pancake28,"26 24 17 7 21 4 20 14 13 10 3 27 9 16 18 1 23 19 2 15 8 12 0 5 22 6 25 11", 27, 27, 23379, 0.011053, 2.11517e+06
A*, gap, pancake28,"15 3 2 19 11 14 13 22 26 20 17 1 0 6 16 12 7 24 9 4 21 8 27 18 5 23 10 25", 26, 25, 398404, 0.151727, 2.6258e+06
A*, gap, pancake28,"4 18 2 24 21 14 17 13 7 15 26 22 19 6 27 1 11 25 20 0 10 8 3 12 5 9 23 16", 29, 28, 243526, 0.084623, 2.87778e+06
A*, gap, pancake28,"15 5 7 24 4 3 18 1 13 17 10 26 16 22 19 25 14 6 27 2 8 11 0 20 23 9 12 21", 28, 27, 133339, 0.038275, 3.48371e+06
A*, gap, pancake28,"20 9 2 16 25 13 10 14 0 21 24 22 17 11 3 6 18 1 15 26 27 5 23 8 7 19 12 4", 27, 26, 755781, 0.233619, 3.2351e+06
A*, gap, pancake28,"23 24 21 10 12 2 18 16 19 27 13 20 11 17 6 1 3 7 4 14 0 15 8 5 25 9 26 22", 27, 27, 32254, 0.014751, 2.18656e+06
A*, gap, pancake28,"10 5 7 18 13 3 19 16 20 8 15 12 6 21 1 22 9 25 27 23 14 24 0 17 4 2 26 11", 28, 28, 100377, 0.031229, 3.21422e+06
A*, gap, pancake28,"7 23 25 22 0 1 26 11 6 14 17 5 16 20 2 4 21 18 12 19 3 13 9 15 24 8 27 10", 27, 27, 7483, 0.00366, 2.04454e+06
A*, gap, pancake28,"7 10 8 1 9 2 24 5 12 25 20 6 26 14 17 4 19 0 18 13 22 27 3 11 16 23 21 15", 29, 28, 598372, 0.201794, 2.96526e+06
A*, gap, pancake28,"1 3 15 9 13 11 17 22 21 26 18 24 25 20 8 6 7 2 23 27 19 12 10 4 16 14 0 5", 26, 25, 255313, 0.08831, 2.8911e+06
A*, gap, pancake28,"24 7 10 15 22 9 13 19 1 4 0 27 14 23 11 6 20 12 5 25 2 18 8 16 3 17 21 26", 28, 28, 16072, 0.005831, 2.7563e+06
A*, gap, pancake28,"4 13 15 11 1 8 14 19 7 2 20 17 3 18 9 6 12 22 21 10 5 25 16 0 26 27 24 23", 26, 25, 110473, 0.035135, 3.14424e+06
A*, gap, pancake28,"2 24 20 27 22 19 7 8 0 21 6 13 4 3 15 16 5 17 25 14 23 26 12 9 11 10 18 1", 25, 24, 149890, 0.043047, 3.48201e+06
A*, gap, pancake28,"26 1 6 21 14 3 22 8 10 5 27 7 12 18 2 19 11 13 15 20 0 23 9 17 4 16 24 25", 28, 27, 172577, 0.055846, 3.09023e+06
A*, gap, pancake28,"20 23 7 5 6 11 12 8 1 14 16 9 18 0 3 19 22 27 25 26 24 17 21 10 15 4 13 2", 26, 25, 368787, 0.121915, 3.02495e+06
A*, gap, pancake28,"19 3 24 10 25 13 27 5 7 22 1 6 21 4 26 2 20 0 18 15 11 9 12 23 17 16 14 8", 28, 27, 393165, 0.128461, 3.06058e+06
A*, gap, pancake28,"23 13 24 10 11 27 22 19 20 4 8 12 5 9 18 16 7 14 17 6 2 26 3 0 25 1 21 15", 26, 26, 30319, 0.016002, 1.8947e+06
A*, gap, pancake28,"10 13 3 7 14 5 17 18 22 21 15 12 6 20 25 2 1 16 24 8 9 19 0 23 27 26 11 4", 25, 23, 271046, 0.078443, 3.45532e+06
A*, gap, pancake28,"26 9 2 5 27 25 23 6 11 7 17 20 13 18 8 21 12 22 1 24 14 15 3 0 4 10 16 19", 27, 27, 8245, 0.003929, 2.0985e+06
A*, gap, pancake28,"16 5 17 22 10 20 6 3 15 11 1 12 18 21 7 25 13 26 27 4 8 2 9 14 23 19 24 0", 28, 27, 230933, 0.076282, 3.02736e+06
A*, gap, pancake28,"24 25 16 5 14 3 0 23 10 2 18 20 11 17 12 1 15 19 8 4 9 26 22 21 27 13 6 7", 26, 25, 62538, 0.017796, 3.51416e+06
A*, gap, pancake28,"7 5 9 15 0 14 21 13 3 1 17 16 23 22 8 20 27 11 24 18 6 26 4 12 19 25 10 2", 26, 26, 9635, 0.004557, 2.11433e+06
A*, gap, pancake28,"9 27 11 18 25 6 23 8 21 20 14 7 26 13 17 3 12 4 2 10 24 16 5 15 1 0 22 19", 26, 26, 7561, 0.003717, 2.03417e+06
A*, gap, pancake28,"0 6 10 22 4 2 24 8 25 23 15 17 13 1 3 5 20 19 11 9 12 14 18 26 7 16 27 21", 28, 27, 228182, 0.078012, 2.92496e+06
A*, gap, pancake28,"5 3 23 25 22 10 6 17 20 13 7 15 19 16 0 9 11 27 4 26 2 1 14 18 24 12 8 21", 28, 27, 128845, 0.045329, 2.84244e+06
A*, gap, pancake28,"20 23 2 15 1 25 24 9 26 22 10 18 6 16 0 5 7 14 13 4 11 27 19 21 17 8 3 12", 27, 26, 255377, 0.084925, 3.00709e+06
A*, gap, pancake28,"16 1 21 23 18 6 13 10 26 25 0 12 22 17 20 24 27 15 5 11 4 19 3 2 14 9 8 7", 24, 24, 3769, 0.00188, 2.00479e+06
A*, gap, pancake28,"1 16 20 3 12 27 13 19 9 8 22 10 21 24 26 25 14 17 7 11 23 6 5 0 15 18 2 4", 25, 25, 6905, 0.003616, 1.90957e+06
A*, gap, pancake28,"21 14 15 19 4 18 26 20 12 11 5 25 9 23 13 22 27 0 2 17 10 6 24 8 3 7 16 1", 27, 26, 140738, 0.046775, 3.00883e+06
A*, gap, pancake28,"10 12 4 16 5 6 7 8 3 0 26 14 9 17 15 11 21 19 2 27 13 20 23 25 24 1 22 18", 25, 24, 101377, 0.035505, 2.85529e+06
A*, gap, pancake28,"6 22 16 25 12 23 5 19 0 21 4 18 20 11 10 14 9 7 27 2 1 26 15 17 24 13 8 3", 27, 26, 443371, 0.149471, 2.96627e+06
A*, gap, pancake28,"23 16 12 0 14 15 8 17 26 22 2 7 10 27 20 13 1 6 4 3 21 9 5 18 19 25 24 11", 25, 24, 47618, 0.018271, 2.60621e+06
A*, gap, pancake28,"21 3 6 4 19 15 14 2 7 24 8 18 16 11 25 5 12 0 17 9 27 23 10 13 26 22 1 20", 27, 27, 39615, 0.01628, 2.43335e+06
A*, gap, pancake28,"21 24 23 20 19 25 0 16 22 6 5 14 4 13 7 1 8 17 11 15 3 18 26 27 12 9 10 2", 25, 23, 1043066, 0.347275, 3.00357e+06
A*, gap, pancake28,"14 3 6 8 16 1 7 11 13 12 19 18 20 10 21 15 5 27 24 25 23 2 26 17 22 4 0 9", 26, 25, 217103, 0.070613, 3.07455e+06
A*, gap, pancake28,"23 7 26 22 2 6 3 21 0 27 12 16 13 17 24 5 10 9 1 14 4 15 8 11 25 19 20 18", 27, 26, 350972, 0.107848, 3.25432e+06
A*, gap, pancake28,"23 6 22 14 16 8 25 4 2 26 19 11 1 12 15 9 24 17 27 13 3 20 0 5 21 7 18 10", 28, 28, 64198, 0.02227, 2.88271e+06
A*, gap, pancake28,"25 16 5 15 4 2 7 27 18 10 0 21 23 14 22 17 26 13 24 19 20 3 11 12 9 6 8 1", 27, 26, 195904, 0.060819, 3.2211e+06
A*, gap, pancake28,"22 20 9 18 10 8 4 0 21 26 15 11 23 14 27 3 6 12 17 25 5 24 16 19 2 13 7 1", 28, 28, 30258, 0.016253, 1.86169e+06
A*, gap, pancake28,"6 23 5 27 15 14 17 24 18 4 26 21 16 7 10 8 11 25 20 12 13 3 22 1 19 0 9 2", 27, 26, 721441, 0.22804, 3.16366e+06
A*, gap, pancake28,"5 10 20 27 8 26 12 22 11 18 16 9 15 2 25 24 3 4 21 19 13 0 23 7 1 14 6 17", 27, 26, 66816, 0.022769, 2.93452e+06
A*, gap, pancake28,"1 15 26 7 6 13 10 8 24 3 4 14 16 21 11 12 25 18 2 5 23 27 0 9 17 19 22 20", 26, 25, 452941, 0.150374, 3.0121e+06
A*, gap, pancake28,"13 27 23 2 14 9 0 12 4 15 22 5 1 8 6 11 21 7 20 24 3 25 16 26 17 18 19 10", 27, 26, 68261, 0.023529, 2.90114e+06
A*, gap, pancake28,"15 6 13 12 4 22 9 5 23 2 11 20 17 7 14 19 27 0 25 1 24 21 8 3 10 26 16 18", 28, 27, 114268, 0.041838, 2.7312e+06
A*, gap, pancake28,"3 26 16 10 5 19 14 9 15 8 6 20 24 13 7 2 0 21 25 27 22 12 18 4 17 23 11 1", 28, 28, 26254, 0.013425, 1.95561e+06
A*, gap, pancake28,"5 14 21 26 25 24 0 16 12 17 23 20 18 10 2 27 9 13 3 11 19 7 4 15 1 6 22 8", 26, 26, 30079, 0.015857, 1.89689e+06
A*, gap, pancake28,"15 23 16 8 5 19 20 2 13 27 18 4 11 12 26 21 1 0 9 6 25 17 3 22 10 24 7 14", 27, 25, 4048703, 1.38865, 2.91558e+06
A*, gap, pancake28,"20 13 17 11 22 1 4 24 5 6 18 14 15 0 2 10 16 21 12 3 26 23 19 9 25 7 27 8", 26, 26, 11780, 0.005295, 2.22474e+06
A*, gap, pancake28,"11 1 19 18 10 21 17 22 4 15 26 14 7 3 25 20 24 0 5 12 2 27 13 6 23 16 9 8", 27, 26, 219021, 0.078415, 2.7931e+06
A*, gap, pancake28,"11 1 12 20 22 21 18 6 7 26 24 2 23 9 17 8 16 5 10 19 25 0 3 27 15 4 13 14", 26, 25, 314603, 0.103975, 3.02576e+06
A*, gap, pancake28,"12 4 2 17 6 27 0 18 19 10 23 24 21 8 3 5 14 26 22 25 9 1 7 11 15 13 16 20", 27, 26, 204880, 0.070784, 2.89444e+06
A*, gap, pancake28,"20 9 21 6 25 12 27 11 13 1 18 15 24 3 19 22 26 16 2 4 8 5 10 7 17 14 0 23", 29, 28, 262977, 0.081226, 3.2376e+06
A*, gap, pancake28,"3 1 13 26 9 18 5 27 7 14 15 6 23 12 17 2 8 4 24 11 0 25 10 22 19 20 16 21", 27, 26, 238711, 0.075818, 3.14847e+06
A*, gap, pancake28,"21 13 11 0 18 10 6 4 27 3 25 2 15 1 20 7 5 8 19 12 22 9 23 26 17 24 16 14", 28, 28, 21148, 0.010297, 2.0538e+06
A*, gap, pancake28,"9 10 0 2 6 15 18 4 12 24 20 19 27 14 11 5 8 3 7 25 17 21 26 1 23 13 22 16", 27, 26, 208678, 0.071247, 2.92894e+06
A*, gap, pancake28,"2 3 1 9 26 18 7 25 8 13 19 11 23 6 10 14 22 5 27 24 16 4 15 12 20 17 0 21", 28, 27, 266650, 0.081967, 3.25314e+06
A*, gap, pancake28,"3 17 13 26 10 24 1 9 5 12 15 22 19 27 18 8 4 6 7 16 11 25 14 21 23 0 20 2", 28, 27, 66270, 0.026357, 2.51432e+06
A*, gap, pancake28,"7 6 10 12 8 18 20 13 14 23 24 19 0 22 17 16 3 27 4 1 25 15 21 11 26 9 5 2", 25, 24, 209058, 0.071214, 2.93563e+06
A*, gap, pancake28,"18 21 16 24 4 6 7 11 9 0 26 10 25 1 15 17 3 14 20 19 27 22 2 12 13 23 5 8", 25, 25, 6915, 0.003608, 1.91657e+06
A*, gap, pancake28,"1 15 13 14 26 22 17 8 5 24 6 10 4 19 0 11 25 7 3 2 23 20 18 9 21 12 27 16", 27, 26, 112668, 0.042103, 2.67601e+06
A*, gap, pancake28,"16 14 13 27 1 26 23 12 4 6 18 22 17 15 25 3 5 9 2 8 20 24 7 19 0 10 21 11", 28, 27, 120883, 0.044587, 2.71117e+06
A*, gap, pancake28,"15 18 23 27 10 25 21 12 5 26 24 9 19 20 11 17 8 4 6 0 1 7 22 2 13 3 16 14", 27, 26, 416121, 0.154631, 2.69106e+06
A*, gap, pancake28,"11 17 25 2 27 12 19 21 1 5 8 16 3 14 23 0 4 24 9 22 10 18 6 13 26 15 20 7", 29, 28, 128184, 0.042155, 3.04078e+06
A*, gap, pancake28,"18 5 9 7 10 4 26 2 11 3 1 0 8 14 13 27 20 6 24 21 19 16 17 22 23 15 12 25", 26, 24, 544656, 0.167573, 3.25026e+06
A*, gap, pancake28,"5 12 10 11 27 18 20 22 14 2 9 23 4 24 17 1 8 25 19 21 7 0 15 26 16 3 13 6", 27, 27, 15191, 0.007665, 1.98187e+06
A*, gap, pancake28,"22 17 13 6 24 11 25 18 14 5 3 8 26 10 7 16 2 19 12 23 0 21 15 9 1 20 27 4", 29, 28, 459962, 0.15438, 2.97941e+06
A*, gap, pancake28,"1 0 14 4 25 19 16 9 13 21 5 6 18 15 17 11 8 27 23 24 20 10 2 3 22 7 12 26", 25, 24, 99203, 0.042129, 2.35474e+06
A*, gap, pancake28,"0 6 1 10 5 13 11 14 19 16 27 2 21 22 24 8 12 23 7 3 20 4 26 9 17 18 25 15", 27, 26, 116871, 0.037765, 3.09469e+06
A*, gap, pancake28,"10 7 8 21 14 17 27 26 18 20 9 4 5 1 6 13 11 24 23 2 12 15 16 0 22 3 25 19", 25, 23, 544305, 0.173224, 3.1422e+06
A*, gap, pancake28,"26 18 7 25 13 10 1 20 16 19 3 15 14 9 11 2 5 17 23 8 22 6 0 4 24 21 12 27", 26, 26, 19870, 0.009721, 2.04403e+06
A*, gap, pancake28,"22 20 26 7 21 0 10 3 27 15 13 17 2 16 14 25 9 4 19 5 24 11 18 23 1 12 6 8", 28, 28, 21200, 0.009816, 2.15974e+06
A*, gap, pancake28,"19 20 8 23 21 27 6 2 11 9 1 22 24 26 7 10 5 17 14 0 16 13 4 3 25 12 15 18", 27, 26, 121021, 0.044898, 2.69547e+06
A*, gap, pancake28,"10 5 25 9 6 21 4 24 27 19 11 1 22 2 0 23 18 12 3 14 8 13 15 20 26 7 16 17", 27, 27, 7536, 0.003728, 2.02146e+06
A*, gap, pancake28,"19 23 18 1 13 26 24 0 12 25 8 7 3 11 5 27 14 15 2 4 21 10 6 17 16 20 9 22", 25, 25, 8253, 0.003956, 2.0862e+06
A*, gap, pancake28,"2 1 26 27 3 5 11 12 21 24 16 22 7 13 9 15 18 19 6 25 4 8 14 10 20 0 17 23", 25, 24, 51369, 0.030393, 1.69016e+06
A*, gap, pancake28,"7 12 16 3 21 6 10 15 8 24 5 20 22 25 4 23 26 1 13 11 0 27 17 14 2 19 18 9", 27, 27, 15418, 0.007744, 1.99096e+06
A*, gap, pancake28,"5 19 12 10 1 18 20 27 16 22 2 25 0 6 7 13 24 8 21 11 9 23 3 4 26 17 15 14", 26, 25, 109778, 0.036447, 3.01199e+06
A*, gap, pancake28,"11 24 12 27 6 25 26 2 4 10 20 21 7 17 13 16 19 1 5 9 22 0 8 18 3 14 23 15", 27, 26, 135468, 0.046038, 2.94253e+06
A*, gap, pancake28,"16 13 11 7 4 8 12 1 26 3 6 25 27 22 5 9 20 2 24 23 10 14 15 19 17 21 0 18", 27, 26, 60860, 0.017785, 3.42198e+06
A*, gap, pancake28,"27 18 2 1 17 15 7 24 16 8 11 26 10 3 12 25 4 22 21 14 5 0 13 6 19 23 20 9", 27, 26, 214349, 0.076256, 2.81091e+06
A*, gap, pancake28,"19 23 6 27 3 9 26 10 25 13 15 2 14 24 21 0 17 4 5 22 1 7 12 20 16 18 8 11", 28, 27, 116106, 0.038437, 3.02068e+06
A*, gap, pancake28,"27 1 26 7 19 15 9 21 11 13 20 5 23 3 4 14 6 16 8 24 12 18 25 0 10 17 22 2", 27, 27, 33434, 0.017412, 1.92017e+06
A*, gap, pancake28,"27 9 20 2 5 0 21 1 6 25 24 12 18 3 8 7 10 26 13 16 4 11 23 14 22 19 17 15", 27, 26, 377462, 0.122186, 3.08924e+06
A*, gap, pancake28,"10 2 24 21 20 23 1 19 12 22 9 6 13 25 17 0 4 27 7 5 15 8 14 26 16 11 18 3", 28, 27, 66616, 0.018268, 3.6466e+06
A*, gap, pancake28,"6 8 15 2 13 1 27 4 18 21 14 25 16 24 12 23 10 22 26 11 7 19 17 0 9 20 3 5", 28, 28, 11865, 0.005368, 2.21032e+06
A*, gap, pancake28,"5 1 8 10 17 15 27 23 13 18 9 3 21 6 19 25 16 20 24 4 0 12 11 7 26 2 14 22", 28, 27, 429545, 0.156004, 2.75342e+06
A*, gap, pancake28,"18 0 6 12 20 3 27 26 8 10 15 11 14 21 25 1 5 17 9 4 16 7 24 23 19 22 2 13", 27, 26, 68111, 0.018076, 3.76803e+06
A*, gap, pancake28,"2 6 4 0 17 1 13 26 7 24 8 10 16 23 19 20 27 9 22 3 14 12 5 21 15 25 11 18", 27, 27, 6569, 0.003401, 1.93149e+06
