algorithm, heuristic, domain, instance, cost, h0, generated, time, gen_per_sec
IDA*, manhattan, 15puzzle,"7 15 8 2 13 6 3 12 11 B 4 10 9 5 1 14", 53, 41, 12434133, 0.457739, 2.71642e+07
IDA*, manhattan, 15puzzle,"14 13 15 7 11 12 9 5 6 B 2 1 4 8 10 3", 57, 41, 611486124, 21.8799, 2.79474e+07
IDA*, manhattan, 15puzzle,"13 5 4 10 9 12 8 14 2 3 7 1 B 15 11 6", 55, 43, 21083027, 0.747299, 2.82123e+07
IDA*, manhattan, 15puzzle,"14 7 8 2 13 11 10 4 9 12 5 B 3 6 1 15", 59, 41, 507918141, 18.1231, 2.80261e+07
IDA*, manhattan, 15puzzle,"5 12 10 7 15 11 14 B 8 2 1 13 3 4 9 6", 56, 42, 79710116, 2.85079, 2.79607e+07
IDA*, manhattan, 15puzzle,"4 7 14 13 10 3 9 12 11 5 6 15 1 2 8 B", 56, 42, 16120034, 0.593073, 2.71805e+07
IDA*, manhattan, 15puzzle,"14 7 1 9 12 3 6 15 8 11 2 5 10 B 4 13", 52, 36, 7594560, 0.29361, 2.58661e+07
IDA*, manhattan, 15puzzle,"2 11 15 5 13 4 6 7 12 8 10 1 9 3 14 B", 52, 30, 164339649, 5.90081, 2.78503e+07
IDA*, manhattan, 15puzzle,"12 11 15 3 8 B 4 2 6 13 9 5 14 1 10 7", 50, 32, 41100787, 1.48873, 2.76079e+07
IDA*, manhattan, 15puzzle,"3 14 9 11 5 4 8 2 13 12 6 7 10 1 15 B", 46, 32, 3436253, 0.12926, 2.6584e+07
IDA*, manhattan, 15puzzle,"13 11 8 9 B 15 7 10 4 3 6 14 5 12 2 1", 59, 43, 515323964, 18.3537, 2.80774e+07
IDA*, manhattan, 15puzzle,"5 9 13 14 6 3 7 12 10 8 4 B 15 2 11 1", 57, 43, 115247157, 4.14777, 2.77853e+07
IDA*, manhattan, 15puzzle,"14 1 9 6 4 8 12 5 7 2 3 B 10 11 13 15", 45, 35, 146545, 0.01284, 1.14132e+07
IDA*, manhattan, 15puzzle,"3 6 5 2 10 B 15 14 1 4 13 12 9 8 11 7", 46, 36, 8250673, 0.298363, 2.76531e+07
IDA*, manhattan, 15puzzle,"7 6 8 1 11 5 14 10 3 4 9 13 15 2 B 12", 59, 41, 727278414, 26.0249, 2.79454e+07
IDA*, manhattan, 15puzzle,"13 11 4 12 1 8 9 15 6 5 14 2 7 3 10 B", 62, 44, 246290869, 8.84092, 2.78581e+07
IDA*, manhattan, 15puzzle,"1 3 2 5 10 9 15 6 8 14 13 11 12 4 7 B", 42, 24, 7941928, 0.285378, 2.78295e+07
IDA*, manhattan, 15puzzle,"15 14 B 4 11 1 6 13 7 5 8 9 3 2 10 12", 66, 46, 781650459, 28.3079, 2.76125e+07
IDA*, manhattan, 15puzzle,"6 B 14 12 1 15 9 10 11 4 7 2 8 3 5 13", 55, 43, 9888682, 0.360795, 2.7408e+07
IDA*, manhattan, 15puzzle,"7 11 8 3 14 B 6 15 1 4 13 9 5 12 2 10", 46, 36, 2224897, 0.091224, 2.43894e+07
IDA*, manhattan, 15puzzle,"6 12 11 3 13 7 9 15 2 14 8 10 4 1 5 B", 52, 36, 31456380, 1.13508, 2.77129e+07
IDA*, manhattan, 15puzzle,"12 8 14 6 11 4 7 B 5 1 10 15 3 13 9 2", 54, 34, 255763783, 9.22353, 2.77295e+07
IDA*, manhattan, 15puzzle,"14 3 9 1 15 8 4 5 11 7 10 13 B 2 12 6", 59, 41, 367773214, 13.1021, 2.80698e+07
IDA*, manhattan, 15puzzle,"10 9 3 11 B 13 2 14 5 6 4 7 8 15 1 12", 49, 33, 14414621, 0.515748, 2.7949e+07
IDA*, manhattan, 15puzzle,"7 3 14 13 4 1 10 8 5 12 9 11 2 15 6 B", 54, 34, 44479634, 1.61375, 2.75629e+07
IDA*, manhattan, 15puzzle,"11 4 2 7 1 B 10 15 6 9 14 8 3 13 5 12", 52, 32, 150042133, 5.44931, 2.75342e+07
IDA*, manhattan, 15puzzle,"5 7 3 12 15 13 14 8 B 10 9 6 1 4 2 11", 58, 40, 411195432, 14.8234, 2.77396e+07
IDA*, manhattan, 15puzzle,"14 1 8 15 2 6 B 3 9 12 10 13 4 7 5 11", 53, 33, 212313076, 7.61, 2.78992e+07
IDA*, manhattan, 15puzzle,"13 14 6 12 4 5 1 B 9 3 10 2 15 11 8 7", 52, 36, 11085801, 0.397052, 2.79203e+07
IDA*, manhattan, 15puzzle,"9 8 B 2 15 1 4 14 3 10 7 5 11 13 6 12", 54, 38, 122394243, 4.40003, 2.78167e+07
IDA*, manhattan, 15puzzle,"12 15 2 6 1 14 4 8 5 3 7 B 10 13 9 11", 47, 35, 2421924, 0.093956, 2.57772e+07
IDA*, manhattan, 15puzzle,"12 8 15 13 1 B 5 4 6 3 2 11 9 7 14 10", 50, 38, 3356943, 0.135061, 2.4855e+07
IDA*, manhattan, 15puzzle,"14 10 9 4 13 6 5 8 2 12 7 B 1 3 11 15", 59, 43, 616233315, 22.0565, 2.79389e+07
IDA*, manhattan, 15puzzle,"14 3 5 15 11 6 13 9 B 10 2 12 4 1 7 8", 60, 42, 404059588, 15.1557, 2.66606e+07
IDA*, manhattan, 15puzzle,"6 11 7 8 13 2 5 4 1 10 3 9 14 B 12 15", 52, 36, 46076629, 1.65057, 2.79156e+07
IDA*, manhattan, 15puzzle,"1 6 12 14 3 2 15 8 4 5 13 9 B 7 11 10", 55, 39, 61475316, 2.21283, 2.77813e+07
IDA*, manhattan, 15puzzle,"12 6 B 4 7 3 15 1 13 9 8 11 2 14 5 10", 52, 36, 23033718, 0.842057, 2.73541e+07
IDA*, manhattan, 15puzzle,"8 1 7 12 11 B 10 5 9 15 6 13 14 2 3 4", 58, 40, 287761934, 10.2962, 2.79484e+07
IDA*, manhattan, 15puzzle,"9 B 4 10 1 14 15 3 12 6 5 7 11 13 8 2", 49, 35, 11501747, 0.412281, 2.78978e+07
IDA*, manhattan, 15puzzle,"11 5 1 14 4 12 10 B 2 7 13 3 9 15 6 8", 54, 36, 91093097, 3.31095, 2.75127e+07
IDA*, manhattan, 15puzzle,"8 13 10 9 11 3 15 6 B 1 2 14 12 5 4 7", 54, 36, 73324322, 2.6409, 2.77649e+07
IDA*, manhattan, 15puzzle,"4 5 7 2 9 14 12 13 B 3 6 11 8 1 15 10", 42, 30, 245765, 0.015566, 1.57886e+07
IDA*, manhattan, 15puzzle,"11 15 14 13 1 9 10 4 3 6 2 12 7 5 8 B", 64, 48, 90369029, 3.23284, 2.79534e+07
IDA*, manhattan, 15puzzle,"12 9 B 6 8 3 5 14 2 4 11 7 10 1 15 13", 50, 32, 103499498, 3.73377, 2.77198e+07
IDA*, manhattan, 15puzzle,"3 14 9 7 12 15 B 4 1 8 5 6 11 10 2 13", 51, 39, 4653919, 0.178335, 2.60965e+07
IDA*, manhattan, 15puzzle,"8 4 6 1 14 12 2 15 13 10 9 5 3 7 B 11", 49, 35, 10690697, 0.390512, 2.73761e+07
IDA*, manhattan, 15puzzle,"6 10 1 14 15 8 3 5 13 B 2 7 4 9 11 12", 47, 35, 3661001, 0.134127, 2.7295e+07
IDA*, manhattan, 15puzzle,"8 11 4 6 7 3 10 9 2 12 15 13 B 1 5 14", 49, 39, 1885270, 0.076714, 2.45753e+07
IDA*, manhattan, 15puzzle,"10 B 2 4 5 1 6 12 11 13 9 7 15 3 14 8", 59, 33, 1676905098, 60.8024, 2.75796e+07
IDA*, manhattan, 15puzzle,"12 5 13 11 2 10 B 9 7 8 4 3 14 6 15 1", 53, 39, 58673174, 2.10969, 2.78112e+07
IDA*, manhattan, 15puzzle,"10 2 8 4 15 B 1 14 11 13 3 6 9 7 5 12", 56, 44, 30831717, 1.10761, 2.78362e+07
IDA*, manhattan, 15puzzle,"10 8 B 12 3 7 6 2 1 14 4 11 15 13 9 5", 56, 38, 190156648, 6.80984, 2.79238e+07
IDA*, manhattan, 15puzzle,"14 9 12 13 15 4 8 10 B 2 1 7 3 11 5 6", 64, 50, 2162632493, 77.1592, 2.80282e+07
IDA*, manhattan, 15puzzle,"12 11 B 8 10 2 13 15 5 4 7 3 6 9 14 1", 56, 40, 235640697, 8.48311, 2.77776e+07
IDA*, manhattan, 15puzzle,"13 8 14 3 9 1 B 7 15 5 4 10 12 2 6 11", 41, 29, 927424, 0.033523, 2.76653e+07
IDA*, manhattan, 15puzzle,"3 15 2 5 11 6 4 7 12 9 1 B 13 14 10 8", 55, 29, 1551475367, 55.9351, 2.77371e+07
IDA*, manhattan, 15puzzle,"5 11 6 9 4 13 12 B 8 2 15 10 1 7 3 14", 50, 36, 8065932, 0.286107, 2.8192e+07
IDA*, manhattan, 15puzzle,"5 B 15 8 4 6 1 14 10 11 3 9 7 12 2 13", 51, 37, 11451156, 0.415701, 2.75466e+07
IDA*, manhattan, 15puzzle,"15 14 6 7 10 1 B 11 12 8 4 9 2 5 13 3", 57, 35, 1102110081, 39.6932, 2.77657e+07
IDA*, manhattan, 15puzzle,"11 14 13 1 2 3 12 4 15 7 9 5 10 6 8 B", 66, 48, 2692294292, 96.3958, 2.79296e+07
IDA*, manhattan, 15puzzle,"6 13 3 2 11 9 5 10 1 7 12 14 8 4 B 15", 45, 31, 5978661, 0.212812, 2.80936e+07
IDA*, manhattan, 15puzzle,"4 6 12 B 14 2 9 13 11 8 3 15 7 10 1 5", 57, 43, 17232204, 0.61486, 2.80262e+07
IDA*, manhattan, 15puzzle,"8 10 9 11 14 1 7 15 13 4 B 12 6 2 5 3", 56, 40, 692033288, 24.6266, 2.81011e+07
IDA*, manhattan, 15puzzle,"5 2 14 B 7 8 6 3 11 12 13 15 4 10 9 1", 51, 31, 232415028, 8.30596, 2.79817e+07
IDA*, manhattan, 15puzzle,"7 8 3 2 10 12 4 6 11 13 5 15 B 1 9 14", 47, 31, 8583433, 0.314694, 2.72755e+07
IDA*, manhattan, 15puzzle,"11 6 14 12 3 5 1 15 8 B 10 13 9 7 4 2", 61, 41, 1605409759, 57.5682, 2.78871e+07
IDA*, manhattan, 15puzzle,"7 1 2 4 8 3 6 11 10 15 B 5 14 12 13 9", 50, 28, 255825192, 9.27843, 2.7572e+07
IDA*, manhattan, 15puzzle,"7 3 1 13 12 10 5 2 8 B 6 11 14 15 4 9", 51, 31, 114864470, 4.14237, 2.77291e+07
IDA*, manhattan, 15puzzle,"6 B 5 15 1 14 4 9 2 13 8 10 11 12 7 3", 53, 37, 153078083, 5.47962, 2.79359e+07
IDA*, manhattan, 15puzzle,"15 1 3 12 4 B 6 5 2 8 14 9 13 10 7 11", 52, 30, 143962507, 5.18013, 2.77913e+07
IDA*, manhattan, 15puzzle,"5 7 B 11 12 1 9 10 15 6 2 3 8 4 13 14", 44, 30, 11722552, 0.427844, 2.73991e+07
IDA*, manhattan, 15puzzle,"12 15 11 10 4 5 14 B 13 7 1 2 9 8 3 6", 56, 38, 1485628057, 52.458, 2.83203e+07
IDA*, manhattan, 15puzzle,"6 14 10 5 15 8 7 1 3 4 2 B 12 9 11 13", 49, 37, 869903, 0.039555, 2.19922e+07
IDA*, manhattan, 15puzzle,"14 13 4 11 15 8 6 9 B 7 3 1 2 10 12 5", 56, 46, 7735141, 0.278192, 2.7805e+07
IDA*, manhattan, 15puzzle,"14 4 B 10 6 5 1 3 9 2 13 15 12 7 8 11", 48, 30, 47506389, 1.69735, 2.79886e+07
IDA*, manhattan, 15puzzle,"15 10 8 3 B 6 9 5 1 14 13 11 7 2 12 4", 57, 41, 253776149, 9.07157, 2.79749e+07
IDA*, manhattan, 15puzzle,"B 13 2 4 12 14 6 9 15 1 10 3 11 5 8 7", 54, 34, 18741480, 0.689594, 2.71776e+07
IDA*, manhattan, 15puzzle,"3 14 13 6 4 15 8 9 5 12 10 B 2 7 1 11", 53, 41, 15518678, 0.562389, 2.75942e+07
IDA*, manhattan, 15puzzle,"B 1 9 7 11 13 5 3 14 12 4 2 8 6 10 15", 42, 28, 540061, 0.025552, 2.11358e+07
IDA*, manhattan, 15puzzle,"11 B 15 8 13 12 3 5 10 1 4 6 14 9 7 2", 57, 43, 129398085, 4.6381, 2.78989e+07
IDA*, manhattan, 15puzzle,"13 B 9 12 11 6 3 5 15 8 1 10 4 14 2 7", 53, 39, 9281501, 0.334072, 2.77829e+07
IDA*, manhattan, 15puzzle," 14 10 2 1 13 9 8 11 7 3 6 12 15 5 4 B ", na, 40, na, na, na
IDA*, manhattan, 15puzzle,"12 3 9 1 4 5 10 2 6 11 15 B 14 7 13 8", 49, 31, 38531235, 1.37875, 2.79465e+07
IDA*, manhattan, 15puzzle,"15 8 10 7 B 12 14 1 5 9 6 3 13 11 4 2", 55, 37, 340411180, 12.2565, 2.77739e+07
IDA*, manhattan, 15puzzle,"4 7 13 10 1 2 9 6 12 8 14 5 3 B 11 15", 44, 32, 3107157, 0.110525, 2.81127e+07
IDA*, manhattan, 15puzzle,"6 B 5 10 11 12 9 2 1 7 4 3 14 8 13 15", 45, 35, 1613851, 0.056547, 2.854e+07
IDA*, manhattan, 15puzzle,"9 5 11 10 13 B 2 1 8 6 14 12 4 7 3 15", 52, 34, 71097098, 2.54981, 2.78833e+07
IDA*, manhattan, 15puzzle,"15 2 12 11 14 13 9 5 1 3 8 7 B 10 6 4", 65, 43, 6361761813, 229.702, 2.76958e+07
IDA*, manhattan, 15puzzle,"11 1 7 4 10 13 3 8 9 14 B 15 6 5 2 12", 54, 38, 132929464, 4.74267, 2.80284e+07
IDA*, manhattan, 15puzzle,"5 4 7 1 11 12 14 15 10 13 8 6 2 B 9 3", 50, 36, 8747308, 0.313939, 2.78631e+07
IDA*, manhattan, 15puzzle,"9 7 5 2 14 15 12 10 11 3 6 1 8 13 B 4", 57, 41, 509658298, 18.2297, 2.79576e+07
IDA*, manhattan, 15puzzle,"3 2 7 9 B 15 12 4 6 11 5 14 8 13 10 1", 57, 37, 1274954306, 45.4043, 2.808e+07
IDA*, manhattan, 15puzzle,"13 9 14 6 12 8 1 2 3 4 B 7 5 10 11 15", 46, 34, 6296133, 0.223784, 2.81349e+07
IDA*, manhattan, 15puzzle,"5 7 11 8 B 14 9 13 10 12 3 15 6 1 4 2", 53, 45, 1323705, 0.047193, 2.80488e+07
IDA*, manhattan, 15puzzle,"4 3 6 13 7 15 9 B 10 5 8 11 2 12 1 14", 50, 34, 19387435, 0.712931, 2.7194e+07
IDA*, manhattan, 15puzzle,"1 7 15 14 2 6 4 9 12 11 13 3 B 8 5 10", 49, 35, 12337551, 0.437393, 2.8207e+07
IDA*, manhattan, 15puzzle,"9 14 5 7 8 15 1 2 10 4 13 6 12 B 11 3", 44, 32, 3869029, 0.139876, 2.76604e+07
IDA*, manhattan, 15puzzle,"B 11 3 12 5 2 1 9 8 10 14 15 7 4 13 6", 54, 34, 141704224, 5.1048, 2.7759e+07
IDA*, manhattan, 15puzzle,"7 15 4 B 10 9 2 5 12 11 13 6 1 3 14 8", 57, 39, 118106530, 4.26818, 2.76714e+07
IDA*, manhattan, 15puzzle,"11 4 B 8 6 10 5 13 12 7 14 3 1 2 9 15", 54, 38, 62134292, 2.23044, 2.78574e+07
