Depth                Moves                BranchingFactor     
0                    1                    3.00000000000000000000
1                    3                    5.00000000000000000000
2                    15                   5.00000000000000000000
3                    75                   5.24000000000000000000
4                    393                  5.36641221374045801526
5                    2109                 5.44665718349928876244
6                    11487                5.51710629407155915382
7                    63375                5.56615384615384615384
8                    352755               5.60825785601905004890
9                    1978341              5.64169523858627001108
10                   11161197             5.67027541938378114820
11                   63287061             5.69440592287892781116
12                   360382215            5.69440592287892781116
Branching Factor Empírico (Promedio): 5.22924699786109842539
5.22924699786109842539
