Depth                Moves                BranchingFactor     
0                    1                    3.00000000000000000000
1                    3                    5.00000000000000000000
2                    15                   4.60000000000000000000
3                    69                   4.73913043478260869565
4                    327                  4.87155963302752293577
5                    1593                 4.93596986817325800376
6                    7863                 5.00228920259442960702
7                    39333                5.04896651666539546945
8                    198591               5.08843301055939090895
9                    1010517              5.12017017031875762604
10                   5174019              5.14703888795151312741
11                   26630877             5.16966012797851156009
12                   137672583            5.16966012797851156009
Branching Factor Empírico (Promedio): 4.81026815433761566117
4.81026815433761566117
