Depth                Moves                BranchingFactor     
0                    1                    22.00000000000000000000
1                    22                   13.50000000000000000000
2                    297                  10.88888888888888888888
3                    3234                 9.80086580086580086580
4                    31696                9.33360676426047450782
5                    295838               9.16294052826208938675
6                    2710746              9.12989782148530330765
7                    24748834             9.12989782148530330765
Branching Factor Empírico (Promedio): 11.97374282910893670812
11.97374282910893670812
