Depth                Moves                BranchingFactor     
0                    1                    26.00000000000000000000
1                    26                   26.00000000000000000000
2                    676                  26.00000000000000000000
3                    17576                26.00000000000000000000
4                    456976               26.00000000000000000000
5                    11881376             26.00000000000000000000
6                    308915776            26.00000000000000000000
7                    8031810176           26.00000000000000000000
Branching Factor Empírico (Promedio): 26.00000000000000000000
26.00000000000000000000
