Depth                Moves                BranchingFactor     
0                    1                    26.00000000000000000000
1                    26                   15.50000000000000000000
2                    403                  12.19354838709677419354
3                    4914                 10.73524623524623524623
4                    52753                10.04788353269008397626
5                    530056               9.75816328840726262885
6                    5172373              9.68208634605431588170
7                    50079362             9.68208634605431588170
Branching Factor Empírico (Promedio): 13.41670396992781027522
13.41670396992781027522
