Depth                Moves                BranchingFactor     
0                    1                    16.00000000000000000000
1                    16                   10.50000000000000000000
2                    168                  8.95238095238095238095
3                    1504                 8.42287234042553191489
4                    12668                8.25181559835806757183
5                    104534               8.20944381732259360590
6                    858166               8.20578069977137290454
7                    7041922              8.20578069977137290454
Branching Factor Empírico (Promedio): 9.79175620117978833973
9.79175620117978833973
