Depth                Moves                BranchingFactor     
0                    1                    22.00000000000000000000
1                    22                   22.00000000000000000000
2                    484                  22.00000000000000000000
3                    10648                22.00000000000000000000
4                    234256               22.00000000000000000000
5                    5153632              22.00000000000000000000
6                    113379904            22.00000000000000000000
7                    2494357888           22.00000000000000000000
Branching Factor Empírico (Promedio): 22.00000000000000000000
22.00000000000000000000
