Depth                Moves                BranchingFactor     
0                    1                    22.00000000000000000000
1                    22                   13.50000000000000000000
2                    297                  11.21885521885521885521
3                    3332                 10.47929171668667466986
4                    34917                10.28278488988171950625
5                    359044               10.26596461714998718819
6                    3685933              10.28669864590593480673
7                    37916082             10.28669864590593480673
Branching Factor Empírico (Promedio): 12.57622786978279071803
12.57622786978279071803
