Depth                Moves                BranchingFactor     
0                    1                    16.00000000000000000000
1                    16                   16.00000000000000000000
2                    256                  16.00000000000000000000
3                    4096                 16.00000000000000000000
4                    65536                16.00000000000000000000
5                    1048576              16.00000000000000000000
6                    16777216             16.00000000000000000000
7                    268435456            16.00000000000000000000
Branching Factor Empírico (Promedio): 16.00000000000000000000
16.00000000000000000000
