Depth                Moves                BranchingFactor     
0                    1                    16.00000000000000000000
1                    16                   10.50000000000000000000
2                    168                  9.28571428571428571428
3                    1560                 8.99294871794871794871
4                    14029                8.93549076912110627984
5                    125356               8.92901815629088356361
6                    1119306              8.92986547021100574820
7                    9995252              8.92986547021100574820
Branching Factor Empírico (Promedio): 10.22471962846942846494
10.22471962846942846494
