Depth                Moves                BranchingFactor     
0                    1                    26.00000000000000000000
1                    26                   15.50000000000000000000
2                    403                  12.50620347394540942928
3                    5040                 11.43134920634920634920
4                    57614                11.10247509285937445759
5                    639658               11.06720778916233362202
6                    7079228              11.11168364686092890354
7                    78662142             11.11168364686092890354
Branching Factor Empírico (Promedio): 14.10270274416817896594
14.10270274416817896594
