algorithm, heuristic, weight, domain, instance, cost, h0, generated, time, gen_per_sec
WIDA*, manhattan, 1.5, 15puzzle,"7 15 8 2 13 6 3 12 11 B 4 10 9 5 1 14", 57, 61.5, 125644, 0.014106, 8.90711e+06
WIDA*, manhattan, 1.5, 15puzzle,"14 13 15 7 11 12 9 5 6 B 2 1 4 8 10 3", 61, 61.5, 3759339, 0.202049, 1.8606e+07
WIDA*, manhattan, 1.5, 15puzzle,"13 5 4 10 9 12 8 14 2 3 7 1 B 15 11 6", 61, 64.5, 277767, 0.0168605, 1.64744e+07
WIDA*, manhattan, 1.5, 15puzzle,"14 7 8 2 13 11 10 4 9 12 5 B 3 6 1 15", 63, 61.5, 9307823, 0.488285, 1.90623e+07
WIDA*, manhattan, 1.5, 15puzzle,"5 12 10 7 15 11 14 B 8 2 1 13 3 4 9 6", 62, 63, 669240, 0.0402371, 1.66324e+07
WIDA*, manhattan, 1.5, 15puzzle,"4 7 14 13 10 3 9 12 11 5 6 15 1 2 8 B", 60, 63, 155901, 0.00945587, 1.64872e+07
WIDA*, manhattan, 1.5, 15puzzle,"14 7 1 9 12 3 6 15 8 11 2 5 10 B 4 13", 56, 54, 235231, 0.0196778, 1.19541e+07
WIDA*, manhattan, 1.5, 15puzzle,"2 11 15 5 13 4 6 7 12 8 10 1 9 3 14 B", 54, 45, 1342899, 0.0750892, 1.78841e+07
WIDA*, manhattan, 1.5, 15puzzle,"12 11 15 3 8 B 4 2 6 13 9 5 14 1 10 7", 54, 48, 2859104, 0.147479, 1.93865e+07
WIDA*, manhattan, 1.5, 15puzzle,"3 14 9 11 5 4 8 2 13 12 6 7 10 1 15 B", 48, 48, 80258, 0.00856187, 9.37388e+06
WIDA*, manhattan, 1.5, 15puzzle,"13 11 8 9 B 15 7 10 4 3 6 14 5 12 2 1", 63, 64.5, 271814, 0.0213588, 1.27261e+07
WIDA*, manhattan, 1.5, 15puzzle,"5 9 13 14 6 3 7 12 10 8 4 B 15 2 11 1", 59, 64.5, 8278, 0.00164103, 5.04438e+06
WIDA*, manhattan, 1.5, 15puzzle,"14 1 9 6 4 8 12 5 7 2 3 B 10 11 13 15", 51, 52.5, 15444, 0.00293612, 5.26e+06
WIDA*, manhattan, 1.5, 15puzzle,"3 6 5 2 10 B 15 14 1 4 13 12 9 8 11 7", 50, 54, 929132, 0.0587295, 1.58205e+07
WIDA*, manhattan, 1.5, 15puzzle,"7 6 8 1 11 5 14 10 3 4 9 13 15 2 B 12", 63, 61.5, 101036414, 5.22871, 1.93234e+07
WIDA*, manhattan, 1.5, 15puzzle,"13 11 4 12 1 8 9 15 6 5 14 2 7 3 10 B", 66, 66, 564908, 0.0381922, 1.47912e+07
WIDA*, manhattan, 1.5, 15puzzle,"1 3 2 5 10 9 15 6 8 14 13 11 12 4 7 B", 46, 36, 2502730, 0.130343, 1.92011e+07
WIDA*, manhattan, 1.5, 15puzzle,"15 14 B 4 11 1 6 13 7 5 8 9 3 2 10 12", 74, 69, 2506383, 0.1425, 1.75887e+07
WIDA*, manhattan, 1.5, 15puzzle,"6 B 14 12 1 15 9 10 11 4 7 2 8 3 5 13", 63, 64.5, 1447656, 0.0767993, 1.88498e+07
WIDA*, manhattan, 1.5, 15puzzle,"7 11 8 3 14 B 6 15 1 4 13 9 5 12 2 10", 50, 54, 152145, 0.00973376, 1.56307e+07
WIDA*, manhattan, 1.5, 15puzzle,"6 12 11 3 13 7 9 15 2 14 8 10 4 1 5 B", 56, 54, 218670, 0.019794, 1.10473e+07
WIDA*, manhattan, 1.5, 15puzzle,"12 8 14 6 11 4 7 B 5 1 10 15 3 13 9 2", 58, 51, 1756424, 0.0975555, 1.80044e+07
WIDA*, manhattan, 1.5, 15puzzle,"14 3 9 1 15 8 4 5 11 7 10 13 B 2 12 6", 61, 61.5, 807632, 0.0450504, 1.79273e+07
WIDA*, manhattan, 1.5, 15puzzle,"10 9 3 11 B 13 2 14 5 6 4 7 8 15 1 12", 53, 49.5, 3163836, 0.161815, 1.95522e+07
WIDA*, manhattan, 1.5, 15puzzle,"7 3 14 13 4 1 10 8 5 12 9 11 2 15 6 B", 54, 51, 339526, 0.0219994, 1.54334e+07
WIDA*, manhattan, 1.5, 15puzzle,"11 4 2 7 1 B 10 15 6 9 14 8 3 13 5 12", 52, 48, 142431, 0.0157645, 9.0349e+06
WIDA*, manhattan, 1.5, 15puzzle,"5 7 3 12 15 13 14 8 B 10 9 6 1 4 2 11", 62, 60, 655140, 0.0391058, 1.6753e+07
WIDA*, manhattan, 1.5, 15puzzle,"14 1 8 15 2 6 B 3 9 12 10 13 4 7 5 11", 55, 49.5, 8994224, 0.46592, 1.93042e+07
WIDA*, manhattan, 1.5, 15puzzle,"13 14 6 12 4 5 1 B 9 3 10 2 15 11 8 7", 58, 54, 262052, 0.0192374, 1.3622e+07
WIDA*, manhattan, 1.5, 15puzzle,"9 8 B 2 15 1 4 14 3 10 7 5 11 13 6 12", 58, 57, 1823553, 0.0998152, 1.82693e+07
WIDA*, manhattan, 1.5, 15puzzle,"12 15 2 6 1 14 4 8 5 3 7 B 10 13 9 11", 51, 52.5, 157464, 0.0168675, 9.33533e+06
WIDA*, manhattan, 1.5, 15puzzle,"12 8 15 13 1 B 5 4 6 3 2 11 9 7 14 10", 52, 57, 3701, 0.000221244, 1.67281e+07
WIDA*, manhattan, 1.5, 15puzzle,"14 10 9 4 13 6 5 8 2 12 7 B 1 3 11 15", 63, 64.5, 804648, 0.0523579, 1.53682e+07
WIDA*, manhattan, 1.5, 15puzzle,"14 3 5 15 11 6 13 9 B 10 2 12 4 1 7 8", 62, 63, 2040086, 0.109279, 1.86685e+07
WIDA*, manhattan, 1.5, 15puzzle,"6 11 7 8 13 2 5 4 1 10 3 9 14 B 12 15", 52, 54, 176436, 0.0180117, 9.79561e+06
WIDA*, manhattan, 1.5, 15puzzle,"1 6 12 14 3 2 15 8 4 5 13 9 B 7 11 10", 59, 58.5, 1071340, 0.0605599, 1.76906e+07
WIDA*, manhattan, 1.5, 15puzzle,"12 6 B 4 7 3 15 1 13 9 8 11 2 14 5 10", 54, 54, 310728, 0.0208559, 1.48988e+07
WIDA*, manhattan, 1.5, 15puzzle,"8 1 7 12 11 B 10 5 9 15 6 13 14 2 3 4", 62, 60, 3677182, 0.199676, 1.84158e+07
WIDA*, manhattan, 1.5, 15puzzle,"9 B 4 10 1 14 15 3 12 6 5 7 11 13 8 2", 49, 52.5, 84392, 0.0112709, 7.48757e+06
WIDA*, manhattan, 1.5, 15puzzle,"11 5 1 14 4 12 10 B 2 7 13 3 9 15 6 8", 58, 54, 2336334, 0.124477, 1.87692e+07
WIDA*, manhattan, 1.5, 15puzzle,"8 13 10 9 11 3 15 6 B 1 2 14 12 5 4 7", 58, 54, 356369, 0.020549, 1.73424e+07
WIDA*, manhattan, 1.5, 15puzzle,"4 5 7 2 9 14 12 13 B 3 6 11 8 1 15 10", 48, 45, 70001, 0.0109867, 6.37144e+06
WIDA*, manhattan, 1.5, 15puzzle,"11 15 14 13 1 9 10 4 3 6 2 12 7 5 8 B", 70, 72, 9919, 0.00191962, 5.16717e+06
WIDA*, manhattan, 1.5, 15puzzle,"12 9 B 6 8 3 5 14 2 4 11 7 10 1 15 13", 50, 48, 2342946, 0.13173, 1.7786e+07
WIDA*, manhattan, 1.5, 15puzzle,"3 14 9 7 12 15 B 4 1 8 5 6 11 10 2 13", 57, 58.5, 50014, 0.00942639, 5.30574e+06
WIDA*, manhattan, 1.5, 15puzzle,"8 4 6 1 14 12 2 15 13 10 9 5 3 7 B 11", 51, 52.5, 284184, 0.0213086, 1.33366e+07
WIDA*, manhattan, 1.5, 15puzzle,"6 10 1 14 15 8 3 5 13 B 2 7 4 9 11 12", 51, 52.5, 157309, 0.0162827, 9.66111e+06
WIDA*, manhattan, 1.5, 15puzzle,"8 11 4 6 7 3 10 9 2 12 15 13 B 1 5 14", 55, 58.5, 95965, 0.0107961, 8.88884e+06
WIDA*, manhattan, 1.5, 15puzzle,"10 B 2 4 5 1 6 12 11 13 9 7 15 3 14 8", 59, 49.5, 2559410, 0.140498, 1.82167e+07
WIDA*, manhattan, 1.5, 15puzzle,"12 5 13 11 2 10 B 9 7 8 4 3 14 6 15 1", 59, 58.5, 825796, 0.0448761, 1.84017e+07
WIDA*, manhattan, 1.5, 15puzzle,"10 2 8 4 15 B 1 14 11 13 3 6 9 7 5 12", 60, 66, 610084, 0.0363794, 1.677e+07
WIDA*, manhattan, 1.5, 15puzzle,"10 8 B 12 3 7 6 2 1 14 4 11 15 13 9 5", 60, 57, 2219649, 0.118061, 1.88009e+07
WIDA*, manhattan, 1.5, 15puzzle,"14 9 12 13 15 4 8 10 B 2 1 7 3 11 5 6", 70, 75, 2095918, 0.118947, 1.76205e+07
WIDA*, manhattan, 1.5, 15puzzle,"12 11 B 8 10 2 13 15 5 4 7 3 6 9 14 1", 60, 60, 695055, 0.0397128, 1.75021e+07
WIDA*, manhattan, 1.5, 15puzzle,"13 8 14 3 9 1 B 7 15 5 4 10 12 2 6 11", 47, 43.5, 115232, 0.0178281, 6.4635e+06
WIDA*, manhattan, 1.5, 15puzzle,"3 15 2 5 11 6 4 7 12 9 1 B 13 14 10 8", 55, 43.5, 23989826, 1.25167, 1.91662e+07
WIDA*, manhattan, 1.5, 15puzzle,"5 11 6 9 4 13 12 B 8 2 15 10 1 7 3 14", 52, 54, 78459, 0.0109685, 7.1531e+06
WIDA*, manhattan, 1.5, 15puzzle,"5 B 15 8 4 6 1 14 10 11 3 9 7 12 2 13", 51, 55.5, 329233, 0.026217, 1.2558e+07
WIDA*, manhattan, 1.5, 15puzzle,"15 14 6 7 10 1 B 11 12 8 4 9 2 5 13 3", 59, 52.5, 21449045, 1.12113, 1.91317e+07
WIDA*, manhattan, 1.5, 15puzzle,"11 14 13 1 2 3 12 4 15 7 9 5 10 6 8 B", 72, 72, 1195504, 0.074142, 1.61245e+07
WIDA*, manhattan, 1.5, 15puzzle,"6 13 3 2 11 9 5 10 1 7 12 14 8 4 B 15", 47, 46.5, 540816, 0.031355, 1.72481e+07
WIDA*, manhattan, 1.5, 15puzzle,"4 6 12 B 14 2 9 13 11 8 3 15 7 10 1 5", 61, 64.5, 148893, 0.0143971, 1.03419e+07
WIDA*, manhattan, 1.5, 15puzzle,"8 10 9 11 14 1 7 15 13 4 B 12 6 2 5 3", 58, 60, 96119312, 5.08093, 1.89177e+07
WIDA*, manhattan, 1.5, 15puzzle,"5 2 14 B 7 8 6 3 11 12 13 15 4 10 9 1", 53, 46.5, 8864731, 0.454954, 1.94849e+07
WIDA*, manhattan, 1.5, 15puzzle,"7 8 3 2 10 12 4 6 11 13 5 15 B 1 9 14", 49, 46.5, 222699, 0.0220216, 1.01128e+07
WIDA*, manhattan, 1.5, 15puzzle,"11 6 14 12 3 5 1 15 8 B 10 13 9 7 4 2", 65, 61.5, 3800604, 0.20281, 1.87397e+07
WIDA*, manhattan, 1.5, 15puzzle,"7 1 2 4 8 3 6 11 10 15 B 5 14 12 13 9", 50, 42, 4922793, 0.261015, 1.88602e+07
WIDA*, manhattan, 1.5, 15puzzle,"7 3 1 13 12 10 5 2 8 B 6 11 14 15 4 9", 53, 46.5, 2720501, 0.145095, 1.87498e+07
WIDA*, manhattan, 1.5, 15puzzle,"6 B 5 15 1 14 4 9 2 13 8 10 11 12 7 3", 57, 55.5, 2878522, 0.155822, 1.84731e+07
WIDA*, manhattan, 1.5, 15puzzle,"15 1 3 12 4 B 6 5 2 8 14 9 13 10 7 11", 54, 45, 2956233, 0.164978, 1.79189e+07
WIDA*, manhattan, 1.5, 15puzzle,"5 7 B 11 12 1 9 10 15 6 2 3 8 4 13 14", 46, 45, 1223341, 0.0690829, 1.77083e+07
WIDA*, manhattan, 1.5, 15puzzle,"12 15 11 10 4 5 14 B 13 7 1 2 9 8 3 6", 58, 57, 27791252, 1.46889, 1.892e+07
WIDA*, manhattan, 1.5, 15puzzle,"6 14 10 5 15 8 7 1 3 4 2 B 12 9 11 13", 55, 55.5, 22038, 0.00403715, 5.4588e+06
WIDA*, manhattan, 1.5, 15puzzle,"14 13 4 11 15 8 6 9 B 7 3 1 2 10 12 5", 64, 69, 417158, 0.0247287, 1.68694e+07
WIDA*, manhattan, 1.5, 15puzzle,"14 4 B 10 6 5 1 3 9 2 13 15 12 7 8 11", 50, 45, 5915093, 0.311946, 1.89619e+07
WIDA*, manhattan, 1.5, 15puzzle,"15 10 8 3 B 6 9 5 1 14 13 11 7 2 12 4", 63, 61.5, 4618680, 0.240156, 1.9232e+07
WIDA*, manhattan, 1.5, 15puzzle,"B 13 2 4 12 14 6 9 15 1 10 3 11 5 8 7", 60, 51, 713771, 0.0386738, 1.84562e+07
WIDA*, manhattan, 1.5, 15puzzle,"3 14 13 6 4 15 8 9 5 12 10 B 2 7 1 11", 59, 61.5, 34973, 0.00441733, 7.91723e+06
WIDA*, manhattan, 1.5, 15puzzle,"B 1 9 7 11 13 5 3 14 12 4 2 8 6 10 15", 46, 42, 159212, 0.0160022, 9.94935e+06
WIDA*, manhattan, 1.5, 15puzzle,"11 B 15 8 13 12 3 5 10 1 4 6 14 9 7 2", 63, 64.5, 308554, 0.0274511, 1.12401e+07
WIDA*, manhattan, 1.5, 15puzzle,"13 B 9 12 11 6 3 5 15 8 1 10 4 14 2 7", 53, 58.5, 69403, 0.00674379, 1.02914e+07
WIDA*, manhattan, 1.5, 15puzzle,"14 10 2 1 13 9 8 11 7 3 6 12 15 5 4 B", 66, 60, 239380626, 12.621, 1.89668e+07
WIDA*, manhattan, 1.5, 15puzzle,"12 3 9 1 4 5 10 2 6 11 15 B 14 7 13 8", 53, 46.5, 5457388, 0.296718, 1.83925e+07
WIDA*, manhattan, 1.5, 15puzzle,"15 8 10 7 B 12 14 1 5 9 6 3 13 11 4 2", 59, 55.5, 864442, 0.0593128, 1.45743e+07
WIDA*, manhattan, 1.5, 15puzzle,"4 7 13 10 1 2 9 6 12 8 14 5 3 B 11 15", 46, 48, 98639, 0.0117331, 8.40693e+06
WIDA*, manhattan, 1.5, 15puzzle,"6 B 5 10 11 12 9 2 1 7 4 3 14 8 13 15", 49, 52.5, 58554, 0.00458653, 1.27665e+07
WIDA*, manhattan, 1.5, 15puzzle,"9 5 11 10 13 B 2 1 8 6 14 12 4 7 3 15", 54, 51, 1248280, 0.0717991, 1.73857e+07
WIDA*, manhattan, 1.5, 15puzzle,"15 2 12 11 14 13 9 5 1 3 8 7 B 10 6 4", 65, 64.5, 11404955, 0.583765, 1.95369e+07
WIDA*, manhattan, 1.5, 15puzzle,"11 1 7 4 10 13 3 8 9 14 B 15 6 5 2 12", 56, 57, 1895174, 0.0985776, 1.92252e+07
WIDA*, manhattan, 1.5, 15puzzle,"5 4 7 1 11 12 14 15 10 13 8 6 2 B 9 3", 54, 54, 765527, 0.0412756, 1.85467e+07
WIDA*, manhattan, 1.5, 15puzzle,"9 7 5 2 14 15 12 10 11 3 6 1 8 13 B 4", 61, 61.5, 15956, 0.00248478, 6.42149e+06
WIDA*, manhattan, 1.5, 15puzzle,"3 2 7 9 B 15 12 4 6 11 5 14 8 13 10 1", 59, 55.5, 9912714, 0.515526, 1.92284e+07
WIDA*, manhattan, 1.5, 15puzzle,"13 9 14 6 12 8 1 2 3 4 B 7 5 10 11 15", 50, 51, 551833, 0.0363498, 1.51812e+07
WIDA*, manhattan, 1.5, 15puzzle,"5 7 11 8 B 14 9 13 10 12 3 15 6 1 4 2", 65, 67.5, 95571, 0.0053889, 1.77348e+07
WIDA*, manhattan, 1.5, 15puzzle,"4 3 6 13 7 15 9 B 10 5 8 11 2 12 1 14", 56, 51, 504293, 0.03231, 1.56079e+07
WIDA*, manhattan, 1.5, 15puzzle,"1 7 15 14 2 6 4 9 12 11 13 3 B 8 5 10", 51, 52.5, 1872610, 0.102229, 1.83178e+07
WIDA*, manhattan, 1.5, 15puzzle,"9 14 5 7 8 15 1 2 10 4 13 6 12 B 11 3", 48, 48, 152832, 0.0112754, 1.35545e+07
WIDA*, manhattan, 1.5, 15puzzle,"B 11 3 12 5 2 1 9 8 10 14 15 7 4 13 6", 56, 51, 675881, 0.038392, 1.76047e+07
WIDA*, manhattan, 1.5, 15puzzle,"7 15 4 B 10 9 2 5 12 11 13 6 1 3 14 8", 61, 58.5, 2176689, 0.117742, 1.84869e+07
WIDA*, manhattan, 1.5, 15puzzle,"11 4 B 8 6 10 5 13 12 7 14 3 1 2 9 15", 58, 57, 473570, 0.0287132, 1.64931e+07
