WIDA*, pdb555, 2, 15puzzle,"7 15 8 2 13 6 3 12 11 B 4 10 9 5 1 14", 77, 86, 2182, 0.000648519, 3.36459e+06
WIDA*, pdb555, 2, 15puzzle,"14 13 15 7 11 12 9 5 6 B 2 1 4 8 10 3", 77, 86, 22960, 0.0047774, 4.80597e+06
WIDA*, pdb555, 2, 15puzzle,"13 5 4 10 9 12 8 14 2 3 7 1 B 15 11 6", 81, 86, 28385, 0.00703214, 4.03647e+06
WIDA*, pdb555, 2, 15puzzle,"14 7 8 2 13 11 10 4 9 12 5 B 3 6 1 15", 75, 82, 15390, 0.00314652, 4.89112e+06
WIDA*, pdb555, 2, 15puzzle,"5 12 10 7 15 11 14 B 8 2 1 13 3 4 9 6", 80, 84, 80454, 0.0171318, 4.69618e+06
WIDA*, pdb555, 2, 15puzzle,"4 7 14 13 10 3 9 12 11 5 6 15 1 2 8 B", 78, 84, 200840, 0.0386189, 5.20057e+06
WIDA*, pdb555, 2, 15puzzle,"14 7 1 9 12 3 6 15 8 11 2 5 10 B 4 13", 68, 72, 7711, 0.00178813, 4.31233e+06
WIDA*, pdb555, 2, 15puzzle,"2 11 15 5 13 4 6 7 12 8 10 1 9 3 14 B", 66, 68, 13272, 0.00277463, 4.78334e+06
WIDA*, pdb555, 2, 15puzzle,"12 11 15 3 8 B 4 2 6 13 9 5 14 1 10 7", 62, 64, 335593, 0.0653057, 5.1388e+06
WIDA*, pdb555, 2, 15puzzle,"3 14 9 11 5 4 8 2 13 12 6 7 10 1 15 B", 66, 72, 112992, 0.0217215, 5.20184e+06
WIDA*, pdb555, 2, 15puzzle,"13 11 8 9 B 15 7 10 4 3 6 14 5 12 2 1", 77, 90, 1452, 0.000365163, 3.97631e+06
WIDA*, pdb555, 2, 15puzzle,"5 9 13 14 6 3 7 12 10 8 4 B 15 2 11 1", 77, 86, 20431, 0.00587652, 3.47672e+06
WIDA*, pdb555, 2, 15puzzle,"14 1 9 6 4 8 12 5 7 2 3 B 10 11 13 15", 61, 70, 4656, 0.00112845, 4.12602e+06
WIDA*, pdb555, 2, 15puzzle,"3 6 5 2 10 B 15 14 1 4 13 12 9 8 11 7", 60, 72, 9039, 0.0017331, 5.2155e+06
WIDA*, pdb555, 2, 15puzzle,"7 6 8 1 11 5 14 10 3 4 9 13 15 2 B 12", 79, 86, 2000, 0.00048688, 4.10779e+06
WIDA*, pdb555, 2, 15puzzle,"13 11 4 12 1 8 9 15 6 5 14 2 7 3 10 B", 84, 88, 18959, 0.003773, 5.02491e+06
WIDA*, pdb555, 2, 15puzzle,"1 3 2 5 10 9 15 6 8 14 13 11 12 4 7 B", 44, 52, 226541, 0.0434837, 5.20979e+06
WIDA*, pdb555, 2, 15puzzle,"15 14 B 4 11 1 6 13 7 5 8 9 3 2 10 12", 90, 92, 54555, 0.0116926, 4.66577e+06
WIDA*, pdb555, 2, 15puzzle,"6 B 14 12 1 15 9 10 11 4 7 2 8 3 5 13", 81, 86, 11830, 0.0025802, 4.58492e+06
WIDA*, pdb555, 2, 15puzzle,"7 11 8 3 14 B 6 15 1 4 13 9 5 12 2 10", 66, 76, 15657, 0.00314957, 4.97115e+06
WIDA*, pdb555, 2, 15puzzle,"6 12 11 3 13 7 9 15 2 14 8 10 4 1 5 B", 66, 72, 13399, 0.00291183, 4.60157e+06
WIDA*, pdb555, 2, 15puzzle,"12 8 14 6 11 4 7 B 5 1 10 15 3 13 9 2", 68, 76, 32906, 0.00674699, 4.87714e+06
WIDA*, pdb555, 2, 15puzzle,"14 3 9 1 15 8 4 5 11 7 10 13 B 2 12 6", 79, 86, 21105, 0.00430043, 4.90765e+06
WIDA*, pdb555, 2, 15puzzle,"10 9 3 11 B 13 2 14 5 6 4 7 8 15 1 12", 67, 74, 1337, 0.00037435, 3.57152e+06
WIDA*, pdb555, 2, 15puzzle,"7 3 14 13 4 1 10 8 5 12 9 11 2 15 6 B", 64, 72, 3236, 0.000762313, 4.24498e+06
WIDA*, pdb555, 2, 15puzzle,"11 4 2 7 1 B 10 15 6 9 14 8 3 13 5 12", 62, 72, 556, 0.000158136, 3.51596e+06
WIDA*, pdb555, 2, 15puzzle,"5 7 3 12 15 13 14 8 B 10 9 6 1 4 2 11", 72, 80, 4522, 0.00109296, 4.13738e+06
WIDA*, pdb555, 2, 15puzzle,"14 1 8 15 2 6 B 3 9 12 10 13 4 7 5 11", 59, 70, 22687, 0.00527668, 4.29948e+06
WIDA*, pdb555, 2, 15puzzle,"13 14 6 12 4 5 1 B 9 3 10 2 15 11 8 7", 66, 72, 1370, 0.000362523, 3.77907e+06
WIDA*, pdb555, 2, 15puzzle,"9 8 B 2 15 1 4 14 3 10 7 5 11 13 6 12", 72, 80, 540, 0.000170426, 3.16853e+06
WIDA*, pdb555, 2, 15puzzle,"12 15 2 6 1 14 4 8 5 3 7 B 10 13 9 11", 61, 70, 136078, 0.0271572, 5.01076e+06
WIDA*, pdb555, 2, 15puzzle,"12 8 15 13 1 B 5 4 6 3 2 11 9 7 14 10", 72, 80, 13527, 0.0028799, 4.69704e+06
WIDA*, pdb555, 2, 15puzzle,"14 10 9 4 13 6 5 8 2 12 7 B 1 3 11 15", 79, 86, 38377, 0.00769826, 4.98515e+06
WIDA*, pdb555, 2, 15puzzle,"14 3 5 15 11 6 13 9 B 10 2 12 4 1 7 8", 80, 88, 24013, 0.00536927, 4.4723e+06
WIDA*, pdb555, 2, 15puzzle,"6 11 7 8 13 2 5 4 1 10 3 9 14 B 12 15", 70, 80, 40958, 0.00848832, 4.82522e+06
WIDA*, pdb555, 2, 15puzzle,"1 6 12 14 3 2 15 8 4 5 13 9 B 7 11 10", 77, 78, 629052, 0.129989, 4.83928e+06
WIDA*, pdb555, 2, 15puzzle,"12 6 B 4 7 3 15 1 13 9 8 11 2 14 5 10", 62, 72, 5824, 0.00131513, 4.42846e+06
WIDA*, pdb555, 2, 15puzzle,"8 1 7 12 11 B 10 5 9 15 6 13 14 2 3 4", 74, 84, 2120, 0.000558193, 3.79797e+06
WIDA*, pdb555, 2, 15puzzle,"9 B 4 10 1 14 15 3 12 6 5 7 11 13 8 2", 63, 70, 5441, 0.0014096, 3.85996e+06
WIDA*, pdb555, 2, 15puzzle,"11 5 1 14 4 12 10 B 2 7 13 3 9 15 6 8", 68, 76, 5075, 0.00113133, 4.48587e+06
WIDA*, pdb555, 2, 15puzzle,"8 13 10 9 11 3 15 6 B 1 2 14 12 5 4 7", 68, 76, 116737, 0.0225516, 5.17644e+06
WIDA*, pdb555, 2, 15puzzle,"4 5 7 2 9 14 12 13 B 3 6 11 8 1 15 10", 56, 64, 6093, 0.00131661, 4.62778e+06
WIDA*, pdb555, 2, 15puzzle,"11 15 14 13 1 9 10 4 3 6 2 12 7 5 8 B", 92, 96, 1267, 0.000347508, 3.64596e+06
WIDA*, pdb555, 2, 15puzzle,"12 9 B 6 8 3 5 14 2 4 11 7 10 1 15 13", 64, 68, 634438, 0.135765, 4.67308e+06
WIDA*, pdb555, 2, 15puzzle,"3 14 9 7 12 15 B 4 1 8 5 6 11 10 2 13", 65, 78, 15289, 0.00400106, 3.82124e+06
WIDA*, pdb555, 2, 15puzzle,"8 4 6 1 14 12 2 15 13 10 9 5 3 7 B 11", 59, 70, 60993, 0.0129899, 4.6954e+06
WIDA*, pdb555, 2, 15puzzle,"6 10 1 14 15 8 3 5 13 B 2 7 4 9 11 12", 65, 74, 717, 0.000224623, 3.19202e+06
WIDA*, pdb555, 2, 15puzzle,"8 11 4 6 7 3 10 9 2 12 15 13 B 1 5 14", 75, 82, 18424, 0.00473387, 3.89195e+06
WIDA*, pdb555, 2, 15puzzle,"10 B 2 4 5 1 6 12 11 13 9 7 15 3 14 8", 71, 78, 57997, 0.0116381, 4.98335e+06
WIDA*, pdb555, 2, 15puzzle,"12 5 13 11 2 10 B 9 7 8 4 3 14 6 15 1", 71, 82, 92657, 0.018432, 5.02695e+06
WIDA*, pdb555, 2, 15puzzle,"10 2 8 4 15 B 1 14 11 13 3 6 9 7 5 12", 80, 88, 4050, 0.000896619, 4.51697e+06
WIDA*, pdb555, 2, 15puzzle,"10 8 B 12 3 7 6 2 1 14 4 11 15 13 9 5", 82, 88, 5008, 0.00125564, 3.98839e+06
WIDA*, pdb555, 2, 15puzzle,"14 9 12 13 15 4 8 10 B 2 1 7 3 11 5 6", 94, 104, 25712, 0.00562373, 4.57206e+06
WIDA*, pdb555, 2, 15puzzle,"12 11 B 8 10 2 13 15 5 4 7 3 6 9 14 1", 78, 84, 75693, 0.0152324, 4.96921e+06
WIDA*, pdb555, 2, 15puzzle,"13 8 14 3 9 1 B 7 15 5 4 10 12 2 6 11", 51, 58, 9258, 0.00193336, 4.78855e+06
WIDA*, pdb555, 2, 15puzzle,"3 15 2 5 11 6 4 7 12 9 1 B 13 14 10 8", 59, 58, 646757, 0.132477, 4.88202e+06
WIDA*, pdb555, 2, 15puzzle,"5 11 6 9 4 13 12 B 8 2 15 10 1 7 3 14", 72, 76, 10531, 0.00226944, 4.64036e+06
WIDA*, pdb555, 2, 15puzzle,"5 B 15 8 4 6 1 14 10 11 3 9 7 12 2 13", 71, 74, 2501, 0.000641568, 3.89826e+06
WIDA*, pdb555, 2, 15puzzle,"15 14 6 7 10 1 B 11 12 8 4 9 2 5 13 3", 69, 78, 26693, 0.00559176, 4.77363e+06
WIDA*, pdb555, 2, 15puzzle,"11 14 13 1 2 3 12 4 15 7 9 5 10 6 8 B", 90, 96, 99055, 0.0199935, 4.95436e+06
WIDA*, pdb555, 2, 15puzzle,"6 13 3 2 11 9 5 10 1 7 12 14 8 4 B 15", 59, 66, 2650, 0.000633889, 4.18054e+06
WIDA*, pdb555, 2, 15puzzle,"4 6 12 B 14 2 9 13 11 8 3 15 7 10 1 5", 81, 86, 9135, 0.00201764, 4.52756e+06
WIDA*, pdb555, 2, 15puzzle,"8 10 9 11 14 1 7 15 13 4 B 12 6 2 5 3", 74, 84, 3584, 0.000850789, 4.21256e+06
WIDA*, pdb555, 2, 15puzzle,"5 2 14 B 7 8 6 3 11 12 13 15 4 10 9 1", 61, 66, 1672, 0.000423253, 3.95036e+06
WIDA*, pdb555, 2, 15puzzle,"7 8 3 2 10 12 4 6 11 13 5 15 B 1 9 14", 59, 66, 1489, 0.000386371, 3.85381e+06
WIDA*, pdb555, 2, 15puzzle,"11 6 14 12 3 5 1 15 8 B 10 13 9 7 4 2", 77, 86, 85474, 0.0166323, 5.13905e+06
WIDA*, pdb555, 2, 15puzzle,"7 1 2 4 8 3 6 11 10 15 B 5 14 12 13 9", 50, 60, 57640, 0.0128444, 4.48756e+06
WIDA*, pdb555, 2, 15puzzle,"7 3 1 13 12 10 5 2 8 B 6 11 14 15 4 9", 63, 62, 323671, 0.0730374, 4.43158e+06
WIDA*, pdb555, 2, 15puzzle,"6 B 5 15 1 14 4 9 2 13 8 10 11 12 7 3", 65, 74, 52294, 0.0105158, 4.97288e+06
WIDA*, pdb555, 2, 15puzzle,"15 1 3 12 4 B 6 5 2 8 14 9 13 10 7 11", 58, 64, 36172, 0.00891239, 4.05862e+06
WIDA*, pdb555, 2, 15puzzle,"5 7 B 11 12 1 9 10 15 6 2 3 8 4 13 14", 54, 64, 504881, 0.0969227, 5.20911e+06
WIDA*, pdb555, 2, 15puzzle,"12 15 11 10 4 5 14 B 13 7 1 2 9 8 3 6", 74, 80, 223729, 0.0437557, 5.11314e+06
WIDA*, pdb555, 2, 15puzzle,"6 14 10 5 15 8 7 1 3 4 2 B 12 9 11 13", 67, 74, 2680, 0.00063805, 4.2003e+06
WIDA*, pdb555, 2, 15puzzle,"14 13 4 11 15 8 6 9 B 7 3 1 2 10 12 5", 84, 96, 9573, 0.00201319, 4.75515e+06
WIDA*, pdb555, 2, 15puzzle,"14 4 B 10 6 5 1 3 9 2 13 15 12 7 8 11", 58, 60, 113987, 0.0232384, 4.90512e+06
WIDA*, pdb555, 2, 15puzzle,"15 10 8 3 B 6 9 5 1 14 13 11 7 2 12 4", 75, 82, 49853, 0.0112672, 4.42462e+06
WIDA*, pdb555, 2, 15puzzle,"B 13 2 4 12 14 6 9 15 1 10 3 11 5 8 7", 64, 68, 3472, 0.000887004, 3.9143e+06
WIDA*, pdb555, 2, 15puzzle,"3 14 13 6 4 15 8 9 5 12 10 B 2 7 1 11", 77, 82, 62862, 0.0127396, 4.9344e+06
WIDA*, pdb555, 2, 15puzzle,"B 1 9 7 11 13 5 3 14 12 4 2 8 6 10 15", 56, 60, 39252, 0.0112285, 3.49576e+06
WIDA*, pdb555, 2, 15puzzle,"11 B 15 8 13 12 3 5 10 1 4 6 14 9 7 2", 81, 86, 22628, 0.00510163, 4.43544e+06
WIDA*, pdb555, 2, 15puzzle,"13 B 9 12 11 6 3 5 15 8 1 10 4 14 2 7", 71, 82, 5871, 0.00142197, 4.12877e+06
WIDA*, pdb555, 2, 15puzzle,"14 10 2 1 13 9 8 11 7 3 6 12 15 5 4 B", 80, 84, 31804, 0.00716215, 4.44057e+06
WIDA*, pdb555, 2, 15puzzle,"12 3 9 1 4 5 10 2 6 11 15 B 14 7 13 8", 59, 66, 54819, 0.0108934, 5.0323e+06
WIDA*, pdb555, 2, 15puzzle,"15 8 10 7 B 12 14 1 5 9 6 3 13 11 4 2", 73, 82, 216199, 0.0432008, 5.00451e+06
WIDA*, pdb555, 2, 15puzzle,"4 7 13 10 1 2 9 6 12 8 14 5 3 B 11 15", 58, 64, 19142, 0.00378388, 5.05883e+06
WIDA*, pdb555, 2, 15puzzle,"6 B 5 10 11 12 9 2 1 7 4 3 14 8 13 15", 65, 74, 1278, 0.000338722, 3.77301e+06
WIDA*, pdb555, 2, 15puzzle,"9 5 11 10 13 B 2 1 8 6 14 12 4 7 3 15", 66, 72, 10984, 0.00222671, 4.93283e+06
WIDA*, pdb555, 2, 15puzzle,"15 2 12 11 14 13 9 5 1 3 8 7 B 10 6 4", 83, 90, 40481, 0.00825589, 4.90329e+06
WIDA*, pdb555, 2, 15puzzle,"11 1 7 4 10 13 3 8 9 14 B 15 6 5 2 12", 70, 76, 3281, 0.000816511, 4.01832e+06
WIDA*, pdb555, 2, 15puzzle,"5 4 7 1 11 12 14 15 10 13 8 6 2 B 9 3", 66, 72, 2821, 0.000689333, 4.09236e+06
WIDA*, pdb555, 2, 15puzzle,"9 7 5 2 14 15 12 10 11 3 6 1 8 13 B 4", 79, 86, 353834, 0.0715127, 4.94785e+06
WIDA*, pdb555, 2, 15puzzle,"3 2 7 9 B 15 12 4 6 11 5 14 8 13 10 1", 65, 74, 27125, 0.00587048, 4.62058e+06
WIDA*, pdb555, 2, 15puzzle,"13 9 14 6 12 8 1 2 3 4 B 7 5 10 11 15", 58, 68, 59092, 0.0117164, 5.04354e+06
WIDA*, pdb555, 2, 15puzzle,"5 7 11 8 B 14 9 13 10 12 3 15 6 1 4 2", 85, 90, 6043, 0.00138185, 4.37312e+06
WIDA*, pdb555, 2, 15puzzle,"4 3 6 13 7 15 9 B 10 5 8 11 2 12 1 14", 64, 68, 15460, 0.00326718, 4.73191e+06
WIDA*, pdb555, 2, 15puzzle,"1 7 15 14 2 6 4 9 12 11 13 3 B 8 5 10", 61, 70, 154577, 0.0298592, 5.17687e+06
WIDA*, pdb555, 2, 15puzzle,"9 14 5 7 8 15 1 2 10 4 13 6 12 B 11 3", 62, 68, 55848, 0.0110669, 5.04642e+06
WIDA*, pdb555, 2, 15puzzle,"B 11 3 12 5 2 1 9 8 10 14 15 7 4 13 6", 68, 72, 11212, 0.0024716, 4.53633e+06
WIDA*, pdb555, 2, 15puzzle,"7 15 4 B 10 9 2 5 12 11 13 6 1 3 14 8", 75, 78, 29935, 0.00626086, 4.7813e+06
WIDA*, pdb555, 2, 15puzzle,"11 4 B 8 6 10 5 13 12 7 14 3 1 2 9 15", 74, 80, 11057, 0.00244333, 4.52538e+06
