algorithm, heuristic, weight, domain, instance, cost, h0, generated, time, gen_per_sec
WIDA*, PDB555, 2, 15puzzle,"7 15 8 2 13 6 3 12 11 B 4 10 9 5 1 14", 77, 86, 2182, 0.000567298, 3.8463e+06
WIDA*, PDB555, 2, 15puzzle,"14 13 15 7 11 12 9 5 6 B 2 1 4 8 10 3", 77, 86, 22960, 0.00492035, 4.66633e+06
WIDA*, PDB555, 2, 15puzzle,"13 5 4 10 9 12 8 14 2 3 7 1 B 15 11 6", 81, 86, 28385, 0.00646015, 4.39386e+06
WIDA*, PDB555, 2, 15puzzle,"14 7 8 2 13 11 10 4 9 12 5 B 3 6 1 15", 75, 82, 15390, 0.00316673, 4.8599e+06
WIDA*, PDB555, 2, 15puzzle,"5 12 10 7 15 11 14 B 8 2 1 13 3 4 9 6", 80, 84, 80454, 0.0177045, 4.54426e+06
WIDA*, PDB555, 2, 15puzzle,"4 7 14 13 10 3 9 12 11 5 6 15 1 2 8 B", 78, 84, 200840, 0.0383884, 5.23178e+06
WIDA*, PDB555, 2, 15puzzle,"14 7 1 9 12 3 6 15 8 11 2 5 10 B 4 13", 68, 72, 7711, 0.00177964, 4.3329e+06
WIDA*, PDB555, 2, 15puzzle,"2 11 15 5 13 4 6 7 12 8 10 1 9 3 14 B", 66, 68, 13272, 0.00266236, 4.98505e+06
WIDA*, PDB555, 2, 15puzzle,"12 11 15 3 8 B 4 2 6 13 9 5 14 1 10 7", 62, 64, 335593, 0.0638718, 5.25417e+06
WIDA*, PDB555, 2, 15puzzle,"3 14 9 11 5 4 8 2 13 12 6 7 10 1 15 B", 66, 72, 112992, 0.0225944, 5.00089e+06
WIDA*, PDB555, 2, 15puzzle,"13 11 8 9 B 15 7 10 4 3 6 14 5 12 2 1", 77, 90, 1452, 0.000372423, 3.89879e+06
WIDA*, PDB555, 2, 15puzzle,"5 9 13 14 6 3 7 12 10 8 4 B 15 2 11 1", 77, 86, 20431, 0.00417732, 4.89094e+06
WIDA*, PDB555, 2, 15puzzle,"14 1 9 6 4 8 12 5 7 2 3 B 10 11 13 15", 61, 70, 4656, 0.00117967, 3.94686e+06
WIDA*, PDB555, 2, 15puzzle,"3 6 5 2 10 B 15 14 1 4 13 12 9 8 11 7", 60, 72, 9039, 0.00176448, 5.12275e+06
WIDA*, PDB555, 2, 15puzzle,"7 6 8 1 11 5 14 10 3 4 9 13 15 2 B 12", 79, 86, 2000, 0.000485956, 4.1156e+06
WIDA*, PDB555, 2, 15puzzle,"13 11 4 12 1 8 9 15 6 5 14 2 7 3 10 B", 84, 88, 18959, 0.00373954, 5.06988e+06
WIDA*, PDB555, 2, 15puzzle,"1 3 2 5 10 9 15 6 8 14 13 11 12 4 7 B", 44, 52, 226541, 0.0426271, 5.31449e+06
WIDA*, PDB555, 2, 15puzzle,"15 14 B 4 11 1 6 13 7 5 8 9 3 2 10 12", 90, 92, 54555, 0.0109581, 4.97851e+06
WIDA*, PDB555, 2, 15puzzle,"6 B 14 12 1 15 9 10 11 4 7 2 8 3 5 13", 81, 86, 11830, 0.00254275, 4.65244e+06
WIDA*, PDB555, 2, 15puzzle,"7 11 8 3 14 B 6 15 1 4 13 9 5 12 2 10", 66, 76, 15657, 0.0032214, 4.86031e+06
WIDA*, PDB555, 2, 15puzzle,"6 12 11 3 13 7 9 15 2 14 8 10 4 1 5 B", 66, 72, 13399, 0.00287488, 4.66072e+06
WIDA*, PDB555, 2, 15puzzle,"12 8 14 6 11 4 7 B 5 1 10 15 3 13 9 2", 68, 76, 32906, 0.00667705, 4.92822e+06
WIDA*, PDB555, 2, 15puzzle,"14 3 9 1 15 8 4 5 11 7 10 13 B 2 12 6", 79, 86, 21105, 0.00418326, 5.0451e+06
WIDA*, PDB555, 2, 15puzzle,"10 9 3 11 B 13 2 14 5 6 4 7 8 15 1 12", 67, 74, 1337, 0.000382009, 3.49992e+06
WIDA*, PDB555, 2, 15puzzle,"7 3 14 13 4 1 10 8 5 12 9 11 2 15 6 B", 64, 72, 3236, 0.000739933, 4.37337e+06
WIDA*, PDB555, 2, 15puzzle,"11 4 2 7 1 B 10 15 6 9 14 8 3 13 5 12", 62, 72, 556, 0.000147604, 3.76684e+06
WIDA*, PDB555, 2, 15puzzle,"5 7 3 12 15 13 14 8 B 10 9 6 1 4 2 11", 72, 80, 4522, 0.00109179, 4.1418e+06
WIDA*, PDB555, 2, 15puzzle,"14 1 8 15 2 6 B 3 9 12 10 13 4 7 5 11", 59, 70, 22687, 0.00474265, 4.78361e+06
WIDA*, PDB555, 2, 15puzzle,"13 14 6 12 4 5 1 B 9 3 10 2 15 11 8 7", 66, 72, 1370, 0.000401039, 3.41613e+06
WIDA*, PDB555, 2, 15puzzle,"9 8 B 2 15 1 4 14 3 10 7 5 11 13 6 12", 72, 80, 540, 0.000162527, 3.32252e+06
WIDA*, PDB555, 2, 15puzzle,"12 15 2 6 1 14 4 8 5 3 7 B 10 13 9 11", 61, 70, 136078, 0.025249, 5.38943e+06
WIDA*, PDB555, 2, 15puzzle,"12 8 15 13 1 B 5 4 6 3 2 11 9 7 14 10", 72, 80, 13527, 0.00285204, 4.74293e+06
WIDA*, PDB555, 2, 15puzzle,"14 10 9 4 13 6 5 8 2 12 7 B 1 3 11 15", 79, 86, 38377, 0.00763839, 5.02422e+06
WIDA*, PDB555, 2, 15puzzle,"14 3 5 15 11 6 13 9 B 10 2 12 4 1 7 8", 80, 88, 24013, 0.0048003, 5.0024e+06
WIDA*, PDB555, 2, 15puzzle,"6 11 7 8 13 2 5 4 1 10 3 9 14 B 12 15", 70, 80, 40958, 0.00878022, 4.6648e+06
WIDA*, PDB555, 2, 15puzzle,"1 6 12 14 3 2 15 8 4 5 13 9 B 7 11 10", 77, 78, 629052, 0.120896, 5.20325e+06
WIDA*, PDB555, 2, 15puzzle,"12 6 B 4 7 3 15 1 13 9 8 11 2 14 5 10", 62, 72, 5824, 0.00133844, 4.35132e+06
WIDA*, PDB555, 2, 15puzzle,"8 1 7 12 11 B 10 5 9 15 6 13 14 2 3 4", 74, 84, 2120, 0.000525529, 4.03403e+06
WIDA*, PDB555, 2, 15puzzle,"9 B 4 10 1 14 15 3 12 6 5 7 11 13 8 2", 63, 70, 5441, 0.00137235, 3.96473e+06
WIDA*, PDB555, 2, 15puzzle,"11 5 1 14 4 12 10 B 2 7 13 3 9 15 6 8", 68, 76, 5075, 0.00119789, 4.23661e+06
WIDA*, PDB555, 2, 15puzzle,"8 13 10 9 11 3 15 6 B 1 2 14 12 5 4 7", 68, 76, 116737, 0.0219975, 5.30683e+06
WIDA*, PDB555, 2, 15puzzle,"4 5 7 2 9 14 12 13 B 3 6 11 8 1 15 10", 56, 64, 6093, 0.00132253, 4.60708e+06
WIDA*, PDB555, 2, 15puzzle,"11 15 14 13 1 9 10 4 3 6 2 12 7 5 8 B", 92, 96, 1267, 0.00035483, 3.57072e+06
WIDA*, PDB555, 2, 15puzzle,"12 9 B 6 8 3 5 14 2 4 11 7 10 1 15 13", 64, 68, 634438, 0.121035, 5.24175e+06
WIDA*, PDB555, 2, 15puzzle,"3 14 9 7 12 15 B 4 1 8 5 6 11 10 2 13", 65, 78, 15289, 0.00334269, 4.57386e+06
WIDA*, PDB555, 2, 15puzzle,"8 4 6 1 14 12 2 15 13 10 9 5 3 7 B 11", 59, 70, 60993, 0.0120068, 5.07985e+06
WIDA*, PDB555, 2, 15puzzle,"6 10 1 14 15 8 3 5 13 B 2 7 4 9 11 12", 65, 74, 717, 0.000191975, 3.73486e+06
WIDA*, PDB555, 2, 15puzzle,"8 11 4 6 7 3 10 9 2 12 15 13 B 1 5 14", 75, 82, 18424, 0.00362065, 5.0886e+06
WIDA*, PDB555, 2, 15puzzle,"10 B 2 4 5 1 6 12 11 13 9 7 15 3 14 8", 71, 78, 57997, 0.0112354, 5.16197e+06
WIDA*, PDB555, 2, 15puzzle,"12 5 13 11 2 10 B 9 7 8 4 3 14 6 15 1", 71, 82, 92657, 0.0179484, 5.16242e+06
WIDA*, PDB555, 2, 15puzzle,"10 2 8 4 15 B 1 14 11 13 3 6 9 7 5 12", 80, 88, 4050, 0.000885578, 4.57328e+06
WIDA*, PDB555, 2, 15puzzle,"10 8 B 12 3 7 6 2 1 14 4 11 15 13 9 5", 82, 88, 5008, 0.00115667, 4.32966e+06
WIDA*, PDB555, 2, 15puzzle,"14 9 12 13 15 4 8 10 B 2 1 7 3 11 5 6", 94, 104, 25712, 0.00560734, 4.58542e+06
WIDA*, PDB555, 2, 15puzzle,"12 11 B 8 10 2 13 15 5 4 7 3 6 9 14 1", 78, 84, 75693, 0.0186274, 4.06353e+06
WIDA*, PDB555, 2, 15puzzle,"13 8 14 3 9 1 B 7 15 5 4 10 12 2 6 11", 51, 58, 9258, 0.00192082, 4.81981e+06
WIDA*, PDB555, 2, 15puzzle,"3 15 2 5 11 6 4 7 12 9 1 B 13 14 10 8", 59, 58, 646757, 0.134981, 4.79146e+06
WIDA*, PDB555, 2, 15puzzle,"5 11 6 9 4 13 12 B 8 2 15 10 1 7 3 14", 72, 76, 10531, 0.0034518, 3.05087e+06
WIDA*, PDB555, 2, 15puzzle,"5 B 15 8 4 6 1 14 10 11 3 9 7 12 2 13", 71, 74, 2501, 0.000585685, 4.27021e+06
WIDA*, PDB555, 2, 15puzzle,"15 14 6 7 10 1 B 11 12 8 4 9 2 5 13 3", 69, 78, 26693, 0.00566447, 4.71236e+06
WIDA*, PDB555, 2, 15puzzle,"11 14 13 1 2 3 12 4 15 7 9 5 10 6 8 B", 90, 96, 99055, 0.0203886, 4.85836e+06
WIDA*, PDB555, 2, 15puzzle,"6 13 3 2 11 9 5 10 1 7 12 14 8 4 B 15", 59, 66, 2650, 0.000635268, 4.17147e+06
WIDA*, PDB555, 2, 15puzzle,"4 6 12 B 14 2 9 13 11 8 3 15 7 10 1 5", 81, 86, 9135, 0.00210582, 4.33798e+06
WIDA*, PDB555, 2, 15puzzle,"8 10 9 11 14 1 7 15 13 4 B 12 6 2 5 3", 74, 84, 3584, 0.000825537, 4.34142e+06
WIDA*, PDB555, 2, 15puzzle,"5 2 14 B 7 8 6 3 11 12 13 15 4 10 9 1", 61, 66, 1672, 0.00044247, 3.77879e+06
WIDA*, PDB555, 2, 15puzzle,"7 8 3 2 10 12 4 6 11 13 5 15 B 1 9 14", 59, 66, 1489, 0.000484932, 3.07053e+06
WIDA*, PDB555, 2, 15puzzle,"11 6 14 12 3 5 1 15 8 B 10 13 9 7 4 2", 77, 86, 85474, 0.0165789, 5.1556e+06
WIDA*, PDB555, 2, 15puzzle,"7 1 2 4 8 3 6 11 10 15 B 5 14 12 13 9", 50, 60, 57640, 0.0115502, 4.9904e+06
WIDA*, PDB555, 2, 15puzzle,"7 3 1 13 12 10 5 2 8 B 6 11 14 15 4 9", 63, 62, 323671, 0.0662308, 4.88702e+06
WIDA*, PDB555, 2, 15puzzle,"6 B 5 15 1 14 4 9 2 13 8 10 11 12 7 3", 65, 74, 52294, 0.0104506, 5.00393e+06
WIDA*, PDB555, 2, 15puzzle,"15 1 3 12 4 B 6 5 2 8 14 9 13 10 7 11", 58, 64, 36172, 0.00733274, 4.93294e+06
WIDA*, PDB555, 2, 15puzzle,"5 7 B 11 12 1 9 10 15 6 2 3 8 4 13 14", 54, 64, 504881, 0.0935755, 5.39544e+06
WIDA*, PDB555, 2, 15puzzle,"12 15 11 10 4 5 14 B 13 7 1 2 9 8 3 6", 74, 80, 223729, 0.0460231, 4.86123e+06
WIDA*, PDB555, 2, 15puzzle,"6 14 10 5 15 8 7 1 3 4 2 B 12 9 11 13", 67, 74, 2680, 0.000667485, 4.01507e+06
WIDA*, PDB555, 2, 15puzzle,"14 13 4 11 15 8 6 9 B 7 3 1 2 10 12 5", 84, 96, 9573, 0.00200896, 4.76515e+06
WIDA*, PDB555, 2, 15puzzle,"14 4 B 10 6 5 1 3 9 2 13 15 12 7 8 11", 58, 60, 113987, 0.0221017, 5.15738e+06
WIDA*, PDB555, 2, 15puzzle,"15 10 8 3 B 6 9 5 1 14 13 11 7 2 12 4", 75, 82, 49853, 0.00992016, 5.02543e+06
WIDA*, PDB555, 2, 15puzzle,"B 13 2 4 12 14 6 9 15 1 10 3 11 5 8 7", 64, 68, 3472, 0.000867064, 4.00432e+06
WIDA*, PDB555, 2, 15puzzle,"3 14 13 6 4 15 8 9 5 12 10 B 2 7 1 11", 77, 82, 62862, 0.0124583, 5.04578e+06
WIDA*, PDB555, 2, 15puzzle,"B 1 9 7 11 13 5 3 14 12 4 2 8 6 10 15", 56, 60, 39252, 0.00777391, 5.04919e+06
WIDA*, PDB555, 2, 15puzzle,"11 B 15 8 13 12 3 5 10 1 4 6 14 9 7 2", 81, 86, 22628, 0.00489272, 4.62483e+06
WIDA*, PDB555, 2, 15puzzle,"13 B 9 12 11 6 3 5 15 8 1 10 4 14 2 7", 71, 82, 5871, 0.00139164, 4.21876e+06
WIDA*, PDB555, 2, 15puzzle,"14 10 2 1 13 9 8 11 7 3 6 12 15 5 4 B", 80, 84, 31804, 0.00704404, 4.51503e+06
WIDA*, PDB555, 2, 15puzzle,"12 3 9 1 4 5 10 2 6 11 15 B 14 7 13 8", 59, 66, 54819, 0.0107403, 5.10403e+06
WIDA*, PDB555, 2, 15puzzle,"15 8 10 7 B 12 14 1 5 9 6 3 13 11 4 2", 73, 82, 216199, 0.0425006, 5.08697e+06
WIDA*, PDB555, 2, 15puzzle,"4 7 13 10 1 2 9 6 12 8 14 5 3 B 11 15", 58, 64, 19142, 0.0037934, 5.04613e+06
WIDA*, PDB555, 2, 15puzzle,"6 B 5 10 11 12 9 2 1 7 4 3 14 8 13 15", 65, 74, 1278, 0.000319362, 4.00173e+06
WIDA*, PDB555, 2, 15puzzle,"9 5 11 10 13 B 2 1 8 6 14 12 4 7 3 15", 66, 72, 10984, 0.00219482, 5.00452e+06
WIDA*, PDB555, 2, 15puzzle,"15 2 12 11 14 13 9 5 1 3 8 7 B 10 6 4", 83, 90, 40481, 0.00821316, 4.92879e+06
WIDA*, PDB555, 2, 15puzzle,"11 1 7 4 10 13 3 8 9 14 B 15 6 5 2 12", 70, 76, 3281, 0.000806372, 4.06884e+06
WIDA*, PDB555, 2, 15puzzle,"5 4 7 1 11 12 14 15 10 13 8 6 2 B 9 3", 66, 72, 2821, 0.000712546, 3.95904e+06
WIDA*, PDB555, 2, 15puzzle,"9 7 5 2 14 15 12 10 11 3 6 1 8 13 B 4", 79, 86, 353834, 0.0703077, 5.03265e+06
WIDA*, PDB555, 2, 15puzzle,"3 2 7 9 B 15 12 4 6 11 5 14 8 13 10 1", 65, 74, 27125, 0.005746, 4.72067e+06
WIDA*, PDB555, 2, 15puzzle,"13 9 14 6 12 8 1 2 3 4 B 7 5 10 11 15", 58, 68, 59092, 0.011839, 4.99128e+06
WIDA*, PDB555, 2, 15puzzle,"5 7 11 8 B 14 9 13 10 12 3 15 6 1 4 2", 85, 90, 6043, 0.00147358, 4.10089e+06
WIDA*, PDB555, 2, 15puzzle,"4 3 6 13 7 15 9 B 10 5 8 11 2 12 1 14", 64, 68, 15460, 0.00320699, 4.82072e+06
WIDA*, PDB555, 2, 15puzzle,"1 7 15 14 2 6 4 9 12 11 13 3 B 8 5 10", 61, 70, 154577, 0.0303563, 5.09209e+06
WIDA*, PDB555, 2, 15puzzle,"9 14 5 7 8 15 1 2 10 4 13 6 12 B 11 3", 62, 68, 55848, 0.0107962, 5.17293e+06
WIDA*, PDB555, 2, 15puzzle,"B 11 3 12 5 2 1 9 8 10 14 15 7 4 13 6", 68, 72, 11212, 0.00239954, 4.67257e+06
WIDA*, PDB555, 2, 15puzzle,"7 15 4 B 10 9 2 5 12 11 13 6 1 3 14 8", 75, 78, 29935, 0.00622521, 4.80867e+06
WIDA*, PDB555, 2, 15puzzle,"11 4 B 8 6 10 5 13 12 7 14 3 1 2 9 15", 74, 80, 11057, 0.00257295, 4.2974e+06
